TIMESTAMP,Latitude,lontitude,Q,Delta_18O,Delta_18O_std,Delta_D,Delta_D_std,T,RH,P,Pricipitation,Rn,U,WD
201405011215,5.065,-4,28673.76357,-14.56,-9999,-104.74,-9999,29,0.737,101.1,-9999,-9999,3.7,255.5
201405011230,5.018,-3.999,28988.34542,-14.23,-9999,-102.42,-9999,28.91,0.751,101.086,-9999,-9999,3.8,263
201405011245,4.971,-3.997,29428.63295,-13.91,-9999,-99.9,-9999,28.9,0.762,101.066,-9999,-9999,3.5,266.8
201405011300,4.923,-3.993,29774.46921,-13.63,-9999,-97.58,-9999,28.9,0.769,101.042,-9999,-9999,3.8,275
201405011315,4.875,-3.99,29758.75136,-13.45,-9999,-96.17,-9999,28.9,0.768,101.013,-9999,-9999,4,276.3
201405011330,4.828,-3.984,29900.20518,-13.28,-9999,-94.87,-9999,28.89,0.772,100.983,-9999,-9999,3.9,274.9
201405011345,4.78,-3.986,29868.77232,-13.21,-9999,-94.41,-9999,28.9,0.772,100.957,-9999,-9999,3.8,278.6
201405011400,4.732,-3.99,30073.0724,-13.12,-9999,-93.78,-9999,28.9,0.777,100.929,-9999,-9999,3.6,271.3
201405011415,4.685,-3.994,30261.62876,-13.06,-9999,-93.29,-9999,28.86,0.783,100.899,-9999,-9999,4.1,278
201405011430,4.638,-3.996,30198.77966,-13.07,-9999,-93.46,-9999,28.83,0.783,100.89,-9999,-9999,4.3,263.5
201405011445,4.591,-3.998,30403.0282,-12.95,-9999,-92.58,-9999,28.84,0.789,100.883,-9999,-9999,5,262.4
201405011500,4.545,-3.998,31392.39623,-11.95,-9999,-84.73,-9999,28.16,0.85,100.857,-9999,-9999,8.4,246.8
201405011515,4.507,-4.002,31706.32478,-12.04,-9999,-85.57,-9999,27.79,0.869,100.841,-9999,-9999,8.1,252.7
201405011530,4.478,-3.998,31800.48865,-11.77,-9999,-83.43,-9999,27.8,0.873,100.841,-9999,-9999,7.9,250
201405011545,4.432,-3.997,30937.06586,-11.55,-9999,-81.68,-9999,28.19,0.829,100.841,-9999,-9999,6.8,247.1
201405011600,4.386,-3.998,29978.78402,-11.41,-9999,-80.14,-9999,28.59,0.787,100.837,-9999,-9999,6.9,241.9
201405011615,4.341,-3.998,30151.64086,-11.2,-9999,-78.28,-9999,28.78,0.783,100.848,-9999,-9999,6.5,240.7
201405011630,4.296,-3.997,30135.92754,-11.09,-9999,-77.28,-9999,28.8,0.783,100.852,-9999,-9999,6,232.9
201405011645,4.252,-3.996,30151.64086,-11.01,-9999,-76.62,-9999,28.71,0.786,100.854,-9999,-9999,5.7,230.3
201405011700,4.207,-3.995,30073.0724,-11.04,-9999,-76.67,-9999,28.6,0.79,100.879,-9999,-9999,5.5,233.1
201405011715,4.163,-3.995,30088.78647,-11.04,-9999,-76.49,-9999,28.54,0.794,100.907,-9999,-9999,5,238.3
201405011730,4.119,-3.996,3166426.693,-9999,-9999,-9999,-9999,28.47,0.792,100.928,-9999,-9999,4,227.1
201405011745,4.075,-3.996,3166426.693,-9999,-9999,-9999,-9999,28.5,0.792,100.934,-9999,-9999,4.3,228.1
201405011800,4.032,-3.997,3166426.693,-9999,-9999,-9999,-9999,28.56,0.79,100.938,-9999,-9999,4.7,229.8
201405011815,3.987,-3.998,3166426.693,-9999,-9999,-9999,-9999,28.41,0.793,100.932,-9999,-9999,4.8,230.8
201405011830,3.942,-3.999,3166426.693,-9999,-9999,-9999,-9999,28.42,0.785,100.961,-9999,-9999,3.7,222.2
201405011845,3.896,-4,29585.84258,-11.08,-9999,-76.3,-9999,28.46,0.784,100.972,-9999,-9999,3.4,217.9
201405011900,3.85,-4,29460.07639,-11.08,-9999,-76.36,-9999,28.4,0.786,100.984,-9999,-9999,3.6,214.8
201405011915,3.803,-3.999,29538.68168,-11.08,-9999,-76.12,-9999,28.4,0.783,101,-9999,-9999,3.1,228.8
201405011930,3.756,-3.997,29428.63295,-11.09,-9999,-76.24,-9999,28.4,0.782,101.019,-9999,-9999,3,230.9
201405011945,3.709,-3.996,29444.35476,-11.35,-9999,-78.41,-9999,28.37,0.783,101.038,-9999,-9999,3.4,191.6
201405012000,3.662,-3.997,28579.37427,-11.69,-9999,-81.05,-9999,28.41,0.757,101.073,-9999,-9999,2.8,174
201405012015,3.616,-3.999,28233.22188,-11.36,-9999,-78.5,-9999,28.74,0.739,101.07,-9999,-9999,3.8,186
201405012030,3.57,-4.001,29350.02104,-11.37,-9999,-78.41,-9999,28.42,0.789,101.073,-9999,-9999,4,190.3
201405012045,3.523,-4.002,29145.60798,-11.46,-9999,-79.1,-9999,28.51,0.768,101.096,-9999,-9999,4.7,200.8
201405012100,3.477,-4.003,27556.38682,-12.76,-9999,-88.72,-9999,28.57,0.724,101.122,-9999,-9999,3.8,210
201405012115,3.431,-4.003,27131.21841,-13.14,-9999,-91.9,-9999,28.66,0.713,101.142,-9999,-9999,2,175.3
201405012130,3.384,-4.005,28138.80079,-11.88,-9999,-81.82,-9999,28.88,0.733,101.15,-9999,-9999,1.8,189.7
201405012145,3.337,-4.006,28783.87582,-11.36,-9999,-77.85,-9999,28.87,0.747,101.146,-9999,-9999,2.8,200.3
201405012200,3.29,-4.006,28280.42987,-11.31,-9999,-77.7,-9999,28.9,0.732,101.137,-9999,-9999,4.3,199
201405012215,3.243,-4.006,28374.84074,-11.27,-9999,-77.58,-9999,28.98,0.733,101.15,-9999,-9999,4.4,189.1
201405012230,3.195,-4.007,29570.12247,-10.98,-9999,-75.5,-9999,28.92,0.766,101.14,-9999,-9999,4.4,189.6
201405012245,3.148,-4.007,29475.79782,-11.01,-9999,-75.72,-9999,28.8,0.768,101.13,-9999,-9999,4.6,181.2
201405012300,3.1,-4.008,29931.63728,-11.03,-9999,-75.63,-9999,28.63,0.786,101.13,-9999,-9999,5.7,183.8
201405012315,3.052,-4.007,28941.16296,-11.24,-9999,-77.29,-9999,28.6,0.763,101.126,-9999,-9999,5.5,188.7
201405012330,3.005,-4.005,28642.30123,-11.27,-9999,-77.74,-9999,28.7,0.75,101.113,-9999,-9999,5.2,190.3
201405012345,2.957,-4.003,28044.37289,-11.54,-9999,-79.68,-9999,28.71,0.731,101.1,-9999,-9999,4.6,190.4
201405020000,2.908,-4,27934.19839,-11.55,-9999,-79.64,-9999,28.77,0.73,101.083,-9999,-9999,4.9,194.5
201405020015,2.859,-4,29082.70522,-11.14,-9999,-76.66,-9999,28.84,0.753,101.072,-9999,-9999,6,199.4
201405020030,2.811,-3.999,3166426.693,-9999,-9999,-9999,-9999,28.79,0.75,101.067,-9999,-9999,5.9,203.7
201405020045,2.763,-3.999,3166426.693,-9999,-9999,-9999,-9999,28.71,0.758,101.041,-9999,-9999,6.2,208.7
201405020100,2.716,-3.999,3166426.693,-9999,-9999,-9999,-9999,28.7,0.759,101.014,-9999,-9999,6.4,204.5
201405020115,2.668,-3.999,3166426.693,-9999,-9999,-9999,-9999,28.64,0.753,100.99,-9999,-9999,6.2,205
201405020130,2.621,-4,3166426.693,-9999,-9999,-9999,-9999,28.66,0.756,100.978,-9999,-9999,6.2,204
201405020145,2.573,-4.001,3166426.693,-9999,-9999,-9999,-9999,28.6,0.755,100.952,-9999,-9999,5.8,207.5
201405020200,2.526,-4.002,3166426.693,-9999,-9999,-9999,-9999,28.59,0.769,100.929,-9999,-9999,6.1,210.4
201405020215,2.479,-4.003,3166426.693,-9999,-9999,-9999,-9999,28.52,0.769,100.901,-9999,-9999,6.1,207.1
201405020230,2.431,-4.003,3166426.693,-9999,-9999,-9999,-9999,28.5,0.754,100.88,-9999,-9999,6.1,208.8
201405020245,2.384,-4.004,29145.60798,-10.94,-9999,-76.32,-9999,28.52,0.758,100.856,-9999,-9999,6.5,214.2
201405020300,2.337,-4.004,29239.95644,-11,-9999,-76.2,-9999,28.43,0.777,100.84,-9999,-9999,6.9,221.2
201405020315,2.29,-4.004,29035.52617,-11.1,-9999,-76.67,-9999,28.4,0.772,100.82,-9999,-9999,6.7,219.9
201405020330,2.243,-4.004,29051.25271,-11.08,-9999,-76.73,-9999,28.4,0.771,100.808,-9999,-9999,6.5,217.2
201405020345,2.196,-4.004,29004.07252,-11.11,-9999,-76.82,-9999,28.33,0.771,100.777,-9999,-9999,7,216.2
201405020400,2.149,-4.003,29161.33319,-11.07,-9999,-76.5,-9999,28.3,0.78,100.754,-9999,-9999,6.7,218.9
201405020415,2.102,-4.003,29255.68052,-11.03,-9999,-76.3,-9999,28.3,0.782,100.745,-9999,-9999,6.7,221.8
201405020430,2.056,-4.002,29035.52617,-11.1,-9999,-76.77,-9999,28.3,0.776,100.738,-9999,-9999,6.9,222
201405020445,2.01,-4.004,29114.15698,-11.04,-9999,-76.53,-9999,28.29,0.777,100.743,-9999,-9999,6.8,224.3
201405020500,1.986,-4.037,29239.95644,-11.03,-9999,-76.31,-9999,28.3,0.781,100.75,-9999,-9999,6.6,215.8
201405020515,1.972,-4.082,28972.61812,-11.09,-9999,-76.85,-9999,28.3,0.773,100.75,-9999,-9999,6.2,216.9
201405020530,1.958,-4.127,29271.40441,-11,-9999,-76.29,-9999,28.3,0.781,100.766,-9999,-9999,6.2,218.2
201405020545,1.943,-4.172,29287.12812,-10.97,-9999,-76.12,-9999,28.29,0.784,100.766,-9999,-9999,6.4,214.1
201405020600,1.927,-4.216,29318.57496,-10.95,-9999,-76.07,-9999,28.25,0.786,100.776,-9999,-9999,7,209.6
201405020615,1.912,-4.261,29743.03333,-10.87,-9999,-75.46,-9999,28.26,0.798,100.781,-9999,-9999,7,208.8
201405020630,1.898,-4.307,29915.92133,-10.82,-9999,-75.09,-9999,28.21,0.801,100.797,-9999,-9999,7.2,207.4
201405020645,1.884,-4.352,29648.72115,-10.89,-9999,-75.63,-9999,28.26,0.792,100.816,-9999,-9999,7.4,204.9
201405020700,1.869,-4.396,29444.35476,-10.95,-9999,-76.03,-9999,28.28,0.788,100.833,-9999,-9999,7.4,200.8
201405020715,1.853,-4.441,29743.03333,-10.87,-9999,-75.55,-9999,28.3,0.792,100.857,-9999,-9999,7.6,199.1
201405020730,1.837,-4.486,29475.79782,-10.93,-9999,-75.95,-9999,28.3,0.787,100.875,-9999,-9999,7.2,197.6
201405020745,1.821,-4.532,29538.68168,-10.93,-9999,-75.91,-9999,28.38,0.786,100.895,-9999,-9999,7.2,188.6
201405020800,1.805,-4.578,29491.51907,-10.94,-9999,-76.08,-9999,28.4,0.781,100.925,-9999,-9999,7.4,181.1
201405020815,1.789,-4.623,29900.20518,-10.86,-9999,-75.47,-9999,28.42,0.786,100.954,-9999,-9999,7.5,180
201405020830,1.774,-4.669,3166426.693,-9999,-9999,-9999,-9999,28.4,0.785,100.978,-9999,-9999,7.4,178.5
201405020845,1.758,-4.715,3166426.693,-9999,-9999,-9999,-9999,28.46,0.783,100.993,-9999,-9999,7.1,174.1
201405020900,1.743,-4.76,3166426.693,-9999,-9999,-9999,-9999,28.45,0.794,101.002,-9999,-9999,6.8,178.3
201405020915,1.731,-4.807,29491.51907,-10.73,-9999,-75.43,-9999,28.39,0.794,101.017,-9999,-9999,7,173
201405020930,1.718,-4.853,29931.63728,-10.72,-9999,-74.77,-9999,28.4,0.794,101.015,-9999,-9999,7.1,173.5
201405020945,1.704,-4.899,29743.03333,-10.76,-9999,-74.96,-9999,28.44,0.787,101.026,-9999,-9999,7,169.2
201405021000,1.689,-4.945,29318.57496,-10.87,-9999,-75.73,-9999,28.53,0.775,101.046,-9999,-9999,6.5,165.6
201405021015,1.674,-4.992,29790.18687,-10.71,-9999,-74.69,-9999,28.51,0.784,101.064,-9999,-9999,6.4,165
201405021030,1.658,-5.038,29617.28224,-10.78,-9999,-75.04,-9999,28.59,0.78,101.069,-9999,-9999,6.9,157.1
201405021045,1.641,-5.083,29633.00179,-10.75,-9999,-74.93,-9999,28.6,0.782,101.069,-9999,-9999,7.5,154.9
201405021100,1.624,-5.129,29947.35305,-10.63,-9999,-74.24,-9999,28.6,0.788,101.074,-9999,-9999,6.8,155.4
201405021115,1.607,-5.174,30010.21424,-10.59,-9999,-74.04,-9999,28.61,0.787,101.07,-9999,-9999,7,156.8
201405021130,1.594,-5.221,30041.6437,-10.59,-9999,-74.02,-9999,28.64,0.788,101.066,-9999,-9999,6.9,157.4
201405021145,1.582,-5.268,30198.77966,-10.55,-9999,-73.72,-9999,28.68,0.792,101.066,-9999,-9999,6.7,157.3
201405021200,1.569,-5.315,30073.0724,-10.56,-9999,-73.8,-9999,28.69,0.787,101.068,-9999,-9999,7,157.3
201405021215,1.557,-5.363,30104.50035,-10.58,-9999,-73.89,-9999,28.7,0.788,101.058,-9999,-9999,7.2,158
201405021230,1.544,-5.41,30104.50035,-10.57,-9999,-73.89,-9999,28.7,0.787,101.049,-9999,-9999,6.6,157.6
201405021245,1.527,-5.456,30324.47484,-10.5,-9999,-73.43,-9999,28.68,0.793,101.033,-9999,-9999,6.2,158.3
201405021300,1.507,-5.5,30135.92754,-10.56,-9999,-73.72,-9999,28.6,0.791,101.014,-9999,-9999,6.7,156.7
201405021315,1.487,-5.544,30214.49222,-10.49,-9999,-73.5,-9999,28.61,0.793,101.01,-9999,-9999,6,164.7
201405021330,1.468,-5.588,30245.91677,-10.47,-9999,-73.48,-9999,28.6,0.793,100.992,-9999,-9999,6,164.5
201405021345,1.45,-5.634,30041.6437,-10.59,-9999,-74.2,-9999,28.58,0.791,100.965,-9999,-9999,5.7,166.9
201405021400,1.434,-5.68,30183.06692,-10.6,-9999,-74.2,-9999,28.54,0.796,100.954,-9999,-9999,5.9,163.2
201405021415,1.42,-5.728,30261.62876,-10.63,-9999,-74.37,-9999,28.53,0.796,100.951,-9999,-9999,6,158.9
201405021430,1.406,-5.775,29994.49922,-10.74,-9999,-75.03,-9999,28.56,0.791,100.934,-9999,-9999,6.3,157.4
201405021445,1.392,-5.822,29821.62161,-10.8,-9999,-75.32,-9999,28.59,0.784,100.936,-9999,-9999,5.6,156.2
201405021500,1.377,-5.868,29758.75136,-10.8,-9999,-75.34,-9999,28.51,0.784,100.924,-9999,-9999,5.6,163.7
201405021515,1.362,-5.914,30041.6437,-10.68,-9999,-74.65,-9999,28.45,0.796,100.917,-9999,-9999,5.2,163.4
201405021530,1.346,-5.961,30434.44822,-10.53,-9999,-73.78,-9999,28.4,0.807,100.909,-9999,-9999,4.9,170.4
201405021545,1.331,-6.007,30057.35814,-10.66,-9999,-74.66,-9999,28.4,0.794,100.904,-9999,-9999,5.2,169.8
201405021600,1.315,-6.054,29821.62161,-10.8,-9999,-75.73,-9999,28.4,0.794,100.908,-9999,-9999,4.9,172.7
201405021615,1.3,-6.101,29947.35305,-10.79,-9999,-75.82,-9999,28.4,0.797,100.9,-9999,-9999,5,172
201405021630,1.284,-6.148,29963.06863,-10.8,-9999,-75.66,-9999,28.3,0.804,100.903,-9999,-9999,4.9,174
201405021645,1.268,-6.195,3166426.693,-9999,-9999,-9999,-9999,28.3,0.807,100.909,-9999,-9999,5,171.1
201405021700,1.253,-6.241,3166426.693,-9999,-9999,-9999,-9999,28.27,0.809,100.921,-9999,-9999,4.6,170.2
201405021715,1.237,-6.288,3166426.693,-9999,-9999,-9999,-9999,28.22,0.811,100.926,-9999,-9999,4.4,170.5
201405021730,1.222,-6.335,29727.3151,-10.97,-9999,-77.84,-9999,28.19,0.804,100.913,-9999,-9999,4.8,167.9
201405021745,1.206,-6.382,30088.78647,-10.85,-9999,-76.92,-9999,28.2,0.809,100.914,-9999,-9999,5.1,164.8
201405021800,1.19,-6.429,30560.12074,-10.61,-9999,-75.15,-9999,28.1,0.827,100.926,-9999,-9999,4.5,172.1
201405021815,1.175,-6.477,30497.28599,-10.58,-9999,-74.78,-9999,28.04,0.828,100.944,-9999,-9999,4.1,176.8
201405021830,1.159,-6.524,30387.3179,-10.64,-9999,-75.13,-9999,28.06,0.824,100.957,-9999,-9999,4.2,173.6
201405021845,1.143,-6.571,30324.47484,-10.68,-9999,-75.34,-9999,28.1,0.82,100.974,-9999,-9999,3.8,174.1
201405021900,1.128,-6.617,30245.91677,-10.7,-9999,-75.34,-9999,28.1,0.818,100.998,-9999,-9999,3.5,168.9
201405021915,1.112,-6.665,30497.28599,-10.52,-9999,-74.09,-9999,28.1,0.826,101.029,-9999,-9999,3.4,178.8
201405021930,1.096,-6.712,30528.70374,-10.49,-9999,-73.64,-9999,28.1,0.827,101.045,-9999,-9999,2.8,193.3
201405021945,1.08,-6.76,30308.76361,-10.57,-9999,-74.28,-9999,28.1,0.821,101.052,-9999,-9999,3,190.1
201405022000,1.064,-6.807,30497.28599,-10.48,-9999,-73.69,-9999,28.06,0.828,101.074,-9999,-9999,2.3,196
201405022015,1.049,-6.854,30544.41234,-10.47,-9999,-73.57,-9999,28.06,0.831,101.085,-9999,-9999,2.6,188.5
201405022030,1.033,-6.901,30277.34057,-10.57,-9999,-74.25,-9999,28.04,0.824,101.094,-9999,-9999,2.9,175.9
201405022045,1.018,-6.947,30355.89675,-10.55,-9999,-74.12,-9999,28,0.828,101.101,-9999,-9999,2.9,176.1
201405022100,1.002,-6.994,30465.86748,-10.5,-9999,-73.78,-9999,28,0.831,101.108,-9999,-9999,3,175.3
201405022115,0.986,-7.041,30340.18589,-10.53,-9999,-73.89,-9999,28,0.83,101.141,-9999,-9999,2.4,176.2
201405022130,0.971,-7.088,30277.34057,-10.54,-9999,-73.98,-9999,27.99,0.827,101.162,-9999,-9999,2.7,181.5
201405022145,0.955,-7.135,30183.06692,-10.56,-9999,-73.94,-9999,27.91,0.827,101.163,-9999,-9999,2.1,192.8
201405022200,0.939,-7.182,30324.47484,-10.51,-9999,-73.74,-9999,27.96,0.83,101.167,-9999,-9999,2,199.2
201405022215,0.924,-7.227,30371.60742,-10.52,-9999,-73.8,-9999,27.93,0.83,101.177,-9999,-9999,3.2,195.7
201405022230,0.909,-7.272,30999.87948,-10.39,-9999,-72.87,-9999,27.83,0.839,101.18,-9999,-9999,3.7,175
201405022245,0.894,-7.318,3166426.693,-9999,-9999,-9999,-9999,27.94,0.826,101.185,-9999,-9999,3.7,191
201405022300,0.879,-7.364,3166426.693,-9999,-9999,-9999,-9999,27.9,0.831,101.19,-9999,-9999,3.1,221.3
201405022315,0.864,-7.409,3166426.693,-9999,-9999,-9999,-9999,27.87,0.846,101.188,-9999,-9999,3.7,198.4
201405022330,0.848,-7.455,30999.87948,-10.42,-9999,-74.09,-9999,27.63,0.868,101.173,-9999,-9999,3.6,193.7
201405022345,0.833,-7.5,30889.95366,-10.57,-9999,-74.56,-9999,27.53,0.866,101.17,-9999,-9999,3.7,195.4
201405030000,0.818,-7.545,31266.8037,-10.44,-9999,-74.05,-9999,27.6,0.871,101.153,-9999,-9999,3.5,181.4
201405030015,0.803,-7.59,30701.4879,-10.58,-9999,-75.02,-9999,27.67,0.854,101.125,-9999,-9999,4.6,175.2
201405030030,0.788,-7.635,30874.24922,-10.56,-9999,-75.05,-9999,27.62,0.86,101.102,-9999,-9999,4.7,180.4
201405030045,0.773,-7.68,30732.90075,-10.61,-9999,-75.46,-9999,27.57,0.858,101.09,-9999,-9999,3.8,177.2
201405030100,0.758,-7.725,30654.36721,-10.67,-9999,-75.82,-9999,27.55,0.857,101.082,-9999,-9999,3.8,174.2
201405030115,0.743,-7.77,30780.0186,-10.64,-9999,-75.35,-9999,27.5,0.863,101.067,-9999,-9999,3.2,198.1
201405030130,0.728,-7.815,30748.60689,-10.6,-9999,-75.02,-9999,27.4,0.867,101.048,-9999,-9999,3.6,196.8
201405030145,0.713,-7.861,30560.12074,-10.63,-9999,-75.26,-9999,27.4,0.861,101.026,-9999,-9999,3.4,185.9
201405030200,0.698,-7.907,30418.7383,-10.7,-9999,-75.44,-9999,27.38,0.858,101.014,-9999,-9999,3.1,186.9
201405030215,0.682,-7.953,30497.28599,-10.67,-9999,-75.2,-9999,27.3,0.863,100.992,-9999,-9999,2.6,188.7
201405030230,0.667,-8,30591.53699,-10.47,-9999,-73.82,-9999,27.3,0.863,100.957,-9999,-9999,2.5,190.1
201405030245,0.651,-8.046,30717.19442,-10.33,-9999,-72.54,-9999,27.29,0.871,100.941,-9999,-9999,2.5,195.8
201405030300,0.636,-8.092,30575.82896,-10.37,-9999,-72.92,-9999,27.3,0.863,100.933,-9999,-9999,2.1,203.4
201405030315,0.621,-8.137,30214.49222,-10.53,-9999,-74.02,-9999,27.36,0.851,100.929,-9999,-9999,2.3,195.8
201405030330,0.606,-8.183,30277.34057,-10.48,-9999,-73.7,-9999,27.4,0.852,100.931,-9999,-9999,2.9,207.3
201405030345,0.591,-8.228,30245.91677,-10.5,-9999,-73.98,-9999,27.36,0.853,100.933,-9999,-9999,2.8,199.7
201405030400,0.575,-8.274,30418.7383,-10.43,-9999,-73.55,-9999,27.34,0.858,100.926,-9999,-9999,2.2,205
201405030415,0.56,-8.32,30340.18589,-10.48,-9999,-73.9,-9999,27.3,0.858,100.917,-9999,-9999,2.4,207.1
201405030430,0.545,-8.366,30151.64086,-10.57,-9999,-74.36,-9999,27.3,0.854,100.91,-9999,-9999,2.4,195.8
201405030445,0.53,-8.411,30183.06692,-10.55,-9999,-74.3,-9999,27.3,0.853,100.926,-9999,-9999,2.9,192.4
201405030500,0.514,-8.457,30403.0282,-10.46,-9999,-73.83,-9999,27.4,0.858,100.937,-9999,-9999,3.1,200.2
201405030515,0.499,-8.503,29994.49922,-10.6,-9999,-74.89,-9999,27.3,0.847,100.933,-9999,-9999,2.9,193.9
201405030530,0.484,-8.548,29664.44032,-10.74,-9999,-75.75,-9999,27.37,0.841,100.948,-9999,-9999,2.6,186
201405030545,0.469,-8.593,3166426.693,-9999,-9999,-9999,-9999,27.31,0.847,100.951,-9999,-9999,2.4,195.5
201405030600,0.454,-8.639,3166426.693,-9999,-9999,-9999,-9999,27.3,0.85,100.956,-9999,-9999,2.5,205.4
201405030615,0.439,-8.684,3166426.693,-9999,-9999,-9999,-9999,27.26,0.859,100.963,-9999,-9999,2.6,209.8
201405030630,0.424,-8.729,30025.92906,-10.54,-9999,-74.55,-9999,27.24,0.854,100.983,-9999,-9999,2.7,202.8
201405030645,0.409,-8.774,30214.49222,-10.48,-9999,-74,-9999,27.25,0.858,100.997,-9999,-9999,2.2,214.7
201405030700,0.393,-8.82,30073.0724,-10.54,-9999,-74.3,-9999,27.3,0.851,101.002,-9999,-9999,1.9,206.2
201405030715,0.378,-8.867,30025.92906,-10.56,-9999,-74.45,-9999,27.4,0.845,101.015,-9999,-9999,1.9,206.8
201405030730,0.364,-8.911,30041.6437,-10.57,-9999,-74.39,-9999,27.42,0.843,101.02,-9999,-9999,2.1,206.9
201405030745,0.348,-8.956,29994.49922,-10.57,-9999,-74.36,-9999,27.56,0.837,101.03,-9999,-9999,1.8,218.1
201405030800,0.333,-9.001,30041.6437,-10.58,-9999,-74.33,-9999,27.5,0.841,101.054,-9999,-9999,1.8,201.5
201405030815,0.318,-9.046,30167.35398,-10.51,-9999,-73.91,-9999,27.5,0.845,101.081,-9999,-9999,1.9,205.2
201405030830,0.303,-9.091,30308.76361,-10.46,-9999,-73.6,-9999,27.51,0.849,101.104,-9999,-9999,2.1,207.1
201405030845,0.288,-9.136,30308.76361,-10.47,-9999,-73.54,-9999,27.6,0.842,101.12,-9999,-9999,2.1,218.8
201405030900,0.271,-9.179,30261.62876,-10.48,-9999,-73.66,-9999,27.55,0.847,101.121,-9999,-9999,2.4,216.8
201405030915,0.253,-9.224,30261.62876,-10.49,-9999,-73.61,-9999,27.87,0.831,101.123,-9999,-9999,1.7,243.7
201405030930,0.235,-9.269,30245.91677,-10.62,-9999,-74.56,-9999,27.65,0.841,101.129,-9999,-9999,2.1,233.3
201405030945,0.215,-9.314,30685.78119,-10.37,-9999,-72.94,-9999,27.74,0.848,101.116,-9999,-9999,2.4,213.7
201405031000,0.197,-9.36,30418.7383,-10.42,-9999,-73.29,-9999,27.65,0.844,101.103,-9999,-9999,2.7,230.9
201405031015,0.179,-9.407,30654.36721,-10.38,-9999,-73.14,-9999,27.55,0.854,101.09,-9999,-9999,2.6,231.4
201405031030,0.162,-9.453,30465.86748,-10.55,-9999,-74.31,-9999,27.5,0.852,101.084,-9999,-9999,3,202.9
201405031045,0.145,-9.498,30575.82896,-10.64,-9999,-74.91,-9999,27.42,0.861,101.083,-9999,-9999,2.7,193.4
201405031100,0.131,-9.543,30355.89675,-10.81,-9999,-76.18,-9999,27.34,0.858,101.08,-9999,-9999,2.5,176.8
201405031115,0.118,-9.587,30198.77966,-10.92,-9999,-77.02,-9999,27.41,0.849,101.075,-9999,-9999,2.9,163.4
201405031130,0.104,-9.632,29837.3387,-11.11,-9999,-78.26,-9999,27.56,0.83,101.055,-9999,-9999,3,162.4
201405031145,0.09,-9.676,29915.92133,-11.15,-9999,-78.95,-9999,27.63,0.832,101.05,-9999,-9999,4.1,162.1
201405031200,0.076,-9.72,30057.35814,-11.03,-9999,-77.92,-9999,27.5,0.84,101.05,-9999,-9999,4.1,169.4
201405031215,0.06,-9.764,30025.92906,-11.06,-9999,-78.07,-9999,27.61,0.838,101.032,-9999,-9999,4.2,163.3
201405031230,0.045,-9.804,3166426.693,-9999,-9999,-9999,-9999,27.79,0.841,101.015,-9999,-9999,4.5,154.8
201405031245,0.035,-9.833,3166426.693,-9999,-9999,-9999,-9999,27.88,0.84,101.016,-9999,-9999,4.1,172.6
201405031300,0.018,-9.856,3166426.693,-9999,-9999,-9999,-9999,27.78,0.839,100.998,-9999,-9999,3.5,194.8
201405031315,0.011,-9.86,30560.12074,-10.82,-9999,-76.15,-9999,27.96,0.836,100.982,-9999,-9999,3.6,209.5
201405031330,0.013,-9.857,30732.90075,-10.71,-9999,-75.25,-9999,28.37,0.819,100.98,-9999,-9999,2.7,197
201405031345,0.013,-9.859,30811.42956,-10.74,-9999,-75.22,-9999,28.16,0.831,100.964,-9999,-9999,3.6,186.9
201405031400,0.015,-9.864,30701.4879,-10.8,-9999,-75.74,-9999,27.71,0.85,100.945,-9999,-9999,4,187.9
201405031415,0.011,-9.86,30952.76955,-10.77,-9999,-75.72,-9999,28.24,0.832,100.929,-9999,-9999,3.5,184.9
201405031430,0.014,-9.863,30952.76955,-10.76,-9999,-75.76,-9999,28.15,0.835,100.92,-9999,-9999,3.1,186
201405031445,0.017,-9.864,30952.76955,-10.74,-9999,-75.72,-9999,28.48,0.822,100.889,-9999,-9999,2.7,183.8
201405031500,0.022,-9.868,31031.28516,-10.74,-9999,-75.89,-9999,28.5,0.823,100.858,-9999,-9999,2.6,166.1
201405031515,0.023,-9.868,30827.13476,-10.81,-9999,-76.76,-9999,28.35,0.822,100.838,-9999,-9999,3.2,151
201405031530,0.025,-9.87,30183.06692,-10.96,-9999,-78.32,-9999,28.47,0.799,100.852,-9999,-9999,4.2,135.2
201405031545,0.029,-9.873,30167.35398,-10.92,-9999,-78.27,-9999,28.6,0.794,100.862,-9999,-9999,3.9,128.9
201405031600,0.031,-9.876,30403.0282,-10.83,-9999,-77.62,-9999,28.87,0.789,100.858,-9999,-9999,3.4,123.3
201405031615,0.034,-9.879,30355.89675,-10.84,-9999,-77.71,-9999,29.11,0.777,100.839,-9999,-9999,2.9,139.1
201405031630,0.036,-9.88,30293.05218,-10.85,-9999,-77.76,-9999,29.15,0.775,100.809,-9999,-9999,2.6,128.3
201405031645,0.037,-9.881,29915.92133,-10.96,-9999,-78.53,-9999,29.2,0.762,100.815,-9999,-9999,3.1,119.2
201405031700,0.039,-9.883,29570.12247,-11.07,-9999,-79.29,-9999,29.13,0.758,100.829,-9999,-9999,3.6,114.1
201405031715,0.041,-9.885,29774.46921,-10.99,-9999,-78.74,-9999,28.96,0.768,100.834,-9999,-9999,3.3,124.1
201405031730,0.044,-9.888,29963.06863,-10.94,-9999,-78.32,-9999,28.7,0.783,100.841,-9999,-9999,2.9,120.1
201405031745,0.046,-9.892,29161.33319,-11.19,-9999,-80.08,-9999,28.62,0.767,100.846,-9999,-9999,3.4,129.8
201405031800,0.049,-9.896,28893.97881,-11.29,-9999,-80.71,-9999,28.43,0.768,100.869,-9999,-9999,3.4,139.9
201405031815,0.052,-9.9,29129.88257,-11.21,-9999,-80,-9999,28.42,0.773,100.868,-9999,-9999,3.6,141.6
201405031830,0.056,-9.907,29192.78306,-11.17,-9999,-79.6,-9999,28.32,0.782,100.883,-9999,-9999,3.6,134.1
201405031845,0.054,-9.901,29255.68052,-11.14,-9999,-79.52,-9999,28.19,0.786,100.889,-9999,-9999,3.6,136.2
201405031900,0.048,-9.89,29460.07639,-11.09,-9999,-79.16,-9999,28.1,0.796,100.917,-9999,-9999,3.5,142.7
201405031915,0.042,-9.88,29255.68052,-11.17,-9999,-79.64,-9999,28.1,0.792,100.946,-9999,-9999,4,144.1
201405031930,0.036,-9.871,29145.60798,-11.2,-9999,-80.09,-9999,28.1,0.79,100.967,-9999,-9999,3.7,139.2
201405031945,0.037,-9.869,29475.79782,-11.11,-9999,-79.24,-9999,28.1,0.797,100.972,-9999,-9999,4.4,143.8
201405032000,0.04,-9.87,29507.24013,-11.13,-9999,-79.27,-9999,28.1,0.801,100.978,-9999,-9999,3.7,145.6
201405032015,0.043,-9.87,29538.68168,-11.13,-9999,-79.23,-9999,28.01,0.802,100.988,-9999,-9999,4.6,147.8
201405032030,0.044,-9.867,29538.68168,-11.11,-9999,-79.24,-9999,28,0.802,100.998,-9999,-9999,4.7,154.2
201405032045,0.046,-9.865,29711.59669,-11,-9999,-78.72,-9999,28,0.809,101.002,-9999,-9999,4.4,155.2
201405032100,0.049,-9.863,3166426.693,-9999,-9999,-9999,-9999,27.98,0.808,101.026,-9999,-9999,4.8,148.3
201405032115,0.051,-9.862,3166426.693,-9999,-9999,-9999,-9999,27.94,0.815,101.045,-9999,-9999,4.5,148.6
201405032130,0.054,-9.86,3166426.693,-9999,-9999,-9999,-9999,27.9,0.813,101.07,-9999,-9999,4.4,151.9
201405032145,0.057,-9.858,30010.21424,-10.81,-9999,-77.97,-9999,27.93,0.819,101.096,-9999,-9999,4.3,150.7
201405032200,0.059,-9.856,30073.0724,-10.84,-9999,-77.84,-9999,27.91,0.823,101.126,-9999,-9999,4.1,143.1
201405032215,0.064,-9.855,30465.86748,-10.68,-9999,-76.82,-9999,27.93,0.831,101.135,-9999,-9999,3.6,127.2
201405032230,0.069,-9.856,30403.0282,-10.71,-9999,-76.96,-9999,27.9,0.832,101.135,-9999,-9999,3.1,107.4
201405032245,0.075,-9.857,30277.34057,-10.71,-9999,-77.05,-9999,27.87,0.832,101.126,-9999,-9999,3.5,111.2
201405032300,0.08,-9.859,30261.62876,-10.7,-9999,-76.87,-9999,27.85,0.833,101.117,-9999,-9999,3.5,123.3
201405032315,0.087,-9.863,29978.78402,-10.82,-9999,-77.84,-9999,27.8,0.827,101.108,-9999,-9999,3.7,122.6
201405032330,0.094,-9.868,30088.78647,-10.79,-9999,-77.39,-9999,27.81,0.828,101.118,-9999,-9999,3.2,109.7
201405032345,0.101,-9.873,30041.6437,-10.78,-9999,-77.36,-9999,27.8,0.831,101.103,-9999,-9999,2.3,107.2
201405040000,0.106,-9.879,29931.63728,-10.84,-9999,-77.85,-9999,27.8,0.828,101.106,-9999,-9999,1.8,111.1
201405040015,0.111,-9.886,29711.59669,-10.86,-9999,-78.14,-9999,27.77,0.824,101.085,-9999,-9999,2,100
201405040030,0.116,-9.892,29695.87809,-10.91,-9999,-78.44,-9999,27.7,0.826,101.051,-9999,-9999,2,107.1
201405040045,0.12,-9.896,30025.92906,-10.83,-9999,-77.82,-9999,27.71,0.832,101.03,-9999,-9999,2.9,109
201405040100,0.112,-9.894,29947.35305,-10.87,-9999,-78.05,-9999,27.7,0.83,101,-9999,-9999,2.8,111.1
201405040115,0.102,-9.893,29994.49922,-10.84,-9999,-77.98,-9999,27.68,0.831,100.966,-9999,-9999,2.5,113.9
201405040130,0.099,-9.894,29994.49922,-10.8,-9999,-77.64,-9999,27.58,0.834,100.942,-9999,-9999,2.5,128.8
201405040145,0.101,-9.902,29978.78402,-10.73,-9999,-77.36,-9999,27.5,0.84,100.93,-9999,-9999,2.4,143.1
201405040200,0.104,-9.911,30041.6437,-10.74,-9999,-77.32,-9999,27.5,0.842,100.91,-9999,-9999,2,136.2
201405040215,0.107,-9.92,30073.0724,-10.72,-9999,-77.33,-9999,27.45,0.847,100.908,-9999,-9999,2,145.1
201405040230,0.107,-9.926,30230.20459,-10.75,-9999,-77.3,-9999,27.46,0.849,100.914,-9999,-9999,1.9,157.2
201405040245,0.1,-9.92,30183.06692,-10.79,-9999,-77.64,-9999,27.4,0.85,100.9,-9999,-9999,1.7,154.9
201405040300,0.091,-9.913,30308.76361,-10.73,-9999,-77.3,-9999,27.4,0.852,100.897,-9999,-9999,2,163.6
201405040315,0.086,-9.909,30418.7383,-10.67,-9999,-77,-9999,27.4,0.857,100.888,-9999,-9999,1.9,165.4
201405040330,0.086,-9.91,30497.28599,-10.66,-9999,-76.82,-9999,27.4,0.855,100.884,-9999,-9999,2,169.7
201405040345,0.087,-9.911,30230.20459,-10.67,-9999,-77.01,-9999,27.34,0.854,100.898,-9999,-9999,1.7,197.7
201405040400,0.089,-9.916,30434.44822,-10.62,-9999,-76.67,-9999,27.39,0.859,100.916,-9999,-9999,2,204.5
201405040415,0.092,-9.92,3166426.693,-9999,-9999,-9999,-9999,27.4,0.853,100.92,-9999,-9999,2.1,204.8
201405040430,0.094,-9.925,3166426.693,-9999,-9999,-9999,-9999,27.4,0.85,100.928,-9999,-9999,1.1,223.8
201405040445,0.096,-9.929,3166426.693,-9999,-9999,-9999,-9999,27.4,0.851,100.928,-9999,-9999,1.4,242.8
201405040500,0.094,-9.932,3166426.693,-9999,-9999,-9999,-9999,27.42,0.851,100.925,-9999,-9999,2,222.8
201405040515,0.086,-9.926,3166426.693,-9999,-9999,-9999,-9999,27.18,0.85,100.947,-9999,-9999,3.7,192.1
201405040530,0.076,-9.918,3166426.693,-9999,-9999,-9999,-9999,25.67,0.891,100.974,-9999,-9999,5.9,209.1
201405040545,0.066,-9.908,3166426.693,-9999,-9999,-9999,-9999,24.88,0.897,100.993,-9999,-9999,4.4,277.8
201405040600,0.06,-9.904,3166426.693,-9999,-9999,-9999,-9999,25.19,0.902,101.028,-9999,-9999,1.9,196.3
201405040615,0.058,-9.901,3166426.693,-9999,-9999,-9999,-9999,25.44,0.889,101.035,-9999,-9999,4.2,163.6
201405040630,0.059,-9.903,3166426.693,-9999,-9999,-9999,-9999,25.88,0.847,101.046,-9999,-9999,4.3,178.9
201405040645,0.057,-9.901,3166426.693,-9999,-9999,-9999,-9999,25.57,0.848,101.058,-9999,-9999,3.4,193.7
201405040700,0.06,-9.904,3166426.693,-9999,-9999,-9999,-9999,25.65,0.832,101.083,-9999,-9999,3.5,199.9
201405040715,0.059,-9.903,3166426.693,-9999,-9999,-9999,-9999,25.92,0.842,101.084,-9999,-9999,3.4,192.5
201405040730,0.058,-9.901,3166426.693,-9999,-9999,-9999,-9999,25.9,0.854,101.093,-9999,-9999,3.2,191.9
201405040745,0.062,-9.906,3166426.693,-9999,-9999,-9999,-9999,26.11,0.841,101.118,-9999,-9999,2.7,232.6
201405040800,0.06,-9.904,3166426.693,-9999,-9999,-9999,-9999,26.43,0.821,101.128,-9999,-9999,2.5,251.2
201405040815,0.059,-9.902,3166426.693,-9999,-9999,-9999,-9999,26.66,0.811,101.124,-9999,-9999,3.6,259.9
201405040830,0.058,-9.902,3166426.693,-9999,-9999,-9999,-9999,26.61,0.843,101.142,-9999,-9999,3.5,264.6
201405040845,0.055,-9.9,3166426.693,-9999,-9999,-9999,-9999,26.81,0.844,101.131,-9999,-9999,2.5,253.7
201405040900,0.053,-9.897,3166426.693,-9999,-9999,-9999,-9999,27.35,0.812,101.133,-9999,-9999,1.8,242.3
201405040915,0.049,-9.893,3166426.693,-9999,-9999,-9999,-9999,27.52,0.803,101.149,-9999,-9999,2,237.6
201405040930,0.046,-9.89,3166426.693,-9999,-9999,-9999,-9999,27.46,0.803,101.163,-9999,-9999,2.1,244.3
201405040945,0.042,-9.887,3166426.693,-9999,-9999,-9999,-9999,27.63,0.788,101.169,-9999,-9999,1.9,253.2
201405041000,0.039,-9.884,3166426.693,-9999,-9999,-9999,-9999,28.07,0.773,101.162,-9999,-9999,1.7,270.1
201405041015,0.035,-9.879,3166426.693,-9999,-9999,-9999,-9999,28.11,0.787,101.178,-9999,-9999,3.1,208.2
201405041030,0.033,-9.874,3166426.693,-9999,-9999,-9999,-9999,26.76,0.849,101.184,-9999,-9999,4,186.7
201405041045,0.03,-9.87,3166426.693,-9999,-9999,-9999,-9999,25.96,0.888,101.193,-9999,-9999,4.7,204.6
201405041100,0.025,-9.865,3166426.693,-9999,-9999,-9999,-9999,25.9,0.893,101.192,-9999,-9999,2.7,218.4
201405041115,0.021,-9.861,3166426.693,-9999,-9999,-9999,-9999,26.11,0.874,101.153,-9999,-9999,1.4,201
201405041130,0.017,-9.857,3166426.693,-9999,-9999,-9999,-9999,26.48,0.859,101.142,-9999,-9999,0.9,192.9
201405041145,0.025,-9.86,3166426.693,-9999,-9999,-9999,-9999,26.45,0.851,101.162,-9999,-9999,2,267.4
201405041200,0.039,-9.873,3166426.693,-9999,-9999,-9999,-9999,26.49,0.847,101.126,-9999,-9999,2.4,287
201405041215,0.034,-9.873,3166426.693,-9999,-9999,-9999,-9999,27.14,0.817,101.12,-9999,-9999,2.5,288
201405041230,0.031,-9.872,3166426.693,-9999,-9999,-9999,-9999,28.08,0.764,101.104,-9999,-9999,1.3,268.7
201405041245,0.028,-9.871,3166426.693,-9999,-9999,-9999,-9999,27.66,0.799,101.107,-9999,-9999,3.5,207.8
201405041300,0.027,-9.867,3166426.693,-9999,-9999,-9999,-9999,26.08,0.894,101.104,-9999,-9999,2.6,252.3
201405041315,0.024,-9.848,3166426.693,-9999,-9999,-9999,-9999,26.02,0.9,101.084,-9999,-9999,2.6,267.8
201405041330,0.021,-9.814,3166426.693,-9999,-9999,-9999,-9999,26.14,0.892,101.045,-9999,-9999,2.8,263.6
201405041345,0.02,-9.775,3166426.693,-9999,-9999,-9999,-9999,26.54,0.869,101.02,-9999,-9999,3.2,245.9
201405041400,0.018,-9.732,3166426.693,-9999,-9999,-9999,-9999,27.21,0.854,100.994,-9999,-9999,3.3,248.1
201405041415,0.017,-9.688,3166426.693,-9999,-9999,-9999,-9999,27.27,0.852,101.003,-9999,-9999,5.8,213.3
201405041430,0.016,-9.645,3166426.693,-9999,-9999,-9999,-9999,25.33,0.907,100.972,-9999,-9999,11.3,169.1
201405041445,0.015,-9.603,3166426.693,-9999,-9999,-9999,-9999,25.67,0.901,100.929,-9999,-9999,9.9,168.4
201405041500,0.014,-9.56,3166426.693,-9999,-9999,-9999,-9999,25.94,0.9,100.922,-9999,-9999,10.1,168
201405041515,0.013,-9.517,3166426.693,-9999,-9999,-9999,-9999,26.07,0.878,100.929,-9999,-9999,10.7,164
201405041530,0.012,-9.475,3166426.693,-9999,-9999,-9999,-9999,26.01,0.865,100.921,-9999,-9999,10.5,162.8
201405041545,0.011,-9.433,3166426.693,-9999,-9999,-9999,-9999,25.86,0.867,100.912,-9999,-9999,9.7,162.8
201405041600,0.01,-9.391,3166426.693,-9999,-9999,-9999,-9999,26.01,0.873,100.908,-9999,-9999,9,162.7
201405041615,0.009,-9.349,29066.97906,-14.51,-9999,-107.98,-9999,26.2,0.873,100.894,-9999,-9999,6.7,162.5
201405041630,0.008,-9.308,29161.33319,-13.3,-9999,-98.2,-9999,26.64,0.853,100.894,-9999,-9999,7.8,154.1
201405041645,0.007,-9.266,27556.38682,-15.48,-9999,-113.58,-9999,26.75,0.8,100.916,-9999,-9999,8.8,152.9
201405041700,0.006,-9.224,28012.8954,-15.45,-9999,-113.78,-9999,26.67,0.822,100.929,-9999,-9999,8.2,156.2
201405041715,0.005,-9.183,29004.07252,-14.47,-9999,-106.84,-9999,26.41,0.863,100.939,-9999,-9999,8.2,146.8
201405041730,0.004,-9.141,28878.25038,-14.79,-9999,-110.26,-9999,26.08,0.876,100.96,-9999,-9999,6,144.3
201405041745,0.002,-9.099,28028.63424,-14.94,-9999,-112.45,-9999,25.94,0.856,100.964,-9999,-9999,5.4,175.7
201405041800,0.001,-9.056,28689.49446,-14.31,-9999,-106.84,-9999,26.28,0.86,100.97,-9999,-9999,5.5,176
201405041815,0,-9.014,29302.85163,-13.68,-9999,-101.5,-9999,26.56,0.863,100.977,-9999,-9999,4.9,174.4
201405041830,0,-8.972,29114.15698,-13.43,-9999,-98.76,-9999,26.74,0.851,100.973,-9999,-9999,5.6,169.7
201405041845,0,-8.93,29601.56251,-13.06,-9999,-96.07,-9999,26.8,0.86,100.979,-9999,-9999,5.9,174.7
201405041900,0,-8.887,29821.62161,-12.85,-9999,-94.24,-9999,26.89,0.864,100.977,-9999,-9999,5.5,178.9
201405041915,0,-8.845,29570.12247,-12.93,-9999,-94.65,-9999,26.98,0.85,100.996,-9999,-9999,5.4,174.3
201405041930,0,-8.802,29680.1593,-12.78,-9999,-93.36,-9999,27.06,0.85,101.024,-9999,-9999,4.7,181.3
201405041945,0,-8.759,28736.68599,-12.88,-9999,-93.88,-9999,27.14,0.823,101.042,-9999,-9999,4.5,179.2
201405042000,0,-8.715,28893.97881,-12.76,-9999,-92.84,-9999,27.28,0.819,101.056,-9999,-9999,4.2,180.2
201405042015,0,-8.672,3166426.693,-9999,-9999,-9999,-9999,27.3,0.823,101.076,-9999,-9999,4.5,177.4
201405042030,0,-8.629,3166426.693,-9999,-9999,-9999,-9999,27.3,0.826,101.086,-9999,-9999,4.1,181.7
201405042045,0,-8.586,3166426.693,-9999,-9999,-9999,-9999,27.3,0.832,101.094,-9999,-9999,3.9,185.6
201405042100,0,-8.544,29350.02104,-12.06,-9999,-87.51,-9999,27.3,0.836,101.104,-9999,-9999,3.9,188
201405042115,0,-8.502,29334.29809,-12.29,-9999,-89.3,-9999,27.3,0.836,101.13,-9999,-9999,3.2,185
201405042130,0,-8.459,29412.91094,-12.39,-9999,-90.12,-9999,27.25,0.837,101.14,-9999,-9999,2.4,191
201405042145,0,-8.415,29035.52617,-12.78,-9999,-93.11,-9999,27.2,0.828,101.146,-9999,-9999,1.5,216.8
201405042200,0,-8.371,28972.61812,-13,-9999,-94.57,-9999,27.2,0.827,101.16,-9999,-9999,0.9,205
201405042215,0,-8.328,29098.43119,-12.79,-9999,-92.97,-9999,27.15,0.832,101.16,-9999,-9999,1.4,179.2
201405042230,0,-8.285,28956.89064,-12.53,-9999,-91,-9999,27.11,0.83,101.156,-9999,-9999,1.8,190.8
201405042245,0,-8.243,29334.29809,-11.91,-9999,-86.29,-9999,27.2,0.839,101.15,-9999,-9999,1.9,212.2
201405042300,0,-8.2,29255.68052,-11.96,-9999,-86.54,-9999,27.17,0.836,101.142,-9999,-9999,1.7,218
201405042315,0,-8.158,29145.60798,-11.86,-9999,-85.73,-9999,27.12,0.832,101.144,-9999,-9999,2,204.3
201405042330,0,-8.115,29224.23217,-11.65,-9999,-84.15,-9999,27.1,0.836,101.14,-9999,-9999,1.6,218.8
201405042345,0,-8.072,29381.46637,-11.64,-9999,-83.81,-9999,27.1,0.841,101.14,-9999,-9999,1.5,252.4
201405050000,0,-8.029,29255.68052,-11.85,-9999,-85.29,-9999,27.1,0.839,101.14,-9999,-9999,1.1,260.1
201405050015,0,-7.985,28972.61812,-11.9,-9999,-85.81,-9999,27.1,0.833,101.142,-9999,-9999,1.1,245.8
201405050030,0,-7.942,29129.88257,-11.82,-9999,-85.29,-9999,27.1,0.837,101.138,-9999,-9999,1.1,216.2
201405050045,0,-7.898,29004.07252,-11.79,-9999,-84.97,-9999,27.1,0.831,101.128,-9999,-9999,0.8,220.6
201405050100,0,-7.855,29082.70522,-11.62,-9999,-83.83,-9999,27.1,0.835,101.106,-9999,-9999,0.8,216.7
201405050115,0,-7.811,29177.05822,-11.46,-9999,-82.48,-9999,27.04,0.839,101.086,-9999,-9999,1.1,258.3
201405050130,0,-7.767,29287.12812,-11.38,-9999,-81.76,-9999,27,0.841,101.063,-9999,-9999,1.3,266.1
201405050145,0,-7.723,29397.18875,-11.34,-9999,-81.43,-9999,27,0.846,101.042,-9999,-9999,1.5,240.2
201405050200,0,-7.679,29177.05822,-11.49,-9999,-82.39,-9999,26.95,0.841,101.04,-9999,-9999,1.2,246
201405050215,0,-7.634,29444.35476,-11.5,-9999,-82.59,-9999,26.99,0.85,101.03,-9999,-9999,1.8,290.5
201405050230,0,-7.591,29601.56251,-11.44,-9999,-82.27,-9999,26.99,0.853,101.032,-9999,-9999,2,318.4
201405050245,0,-7.547,29680.1593,-11.39,-9999,-81.93,-9999,26.99,0.856,101.015,-9999,-9999,2.2,328.1
201405050300,0,-7.504,29680.1593,-11.23,-9999,-81,-9999,26.92,0.857,101.01,-9999,-9999,2.6,323.5
201405050315,0,-7.461,29648.72115,-11.11,-9999,-80.06,-9999,26.94,0.857,101.01,-9999,-9999,2.8,298.3
201405050330,0,-7.419,29129.88257,-10.95,-9999,-78.46,-9999,26.9,0.846,101.008,-9999,-9999,2.1,263.9
201405050345,0,-7.376,29727.3151,-10.76,-9999,-77.27,-9999,26.8,0.868,101.006,-9999,-9999,2.1,240
201405050400,0,-7.333,30418.7383,-10.79,-9999,-77.62,-9999,26.61,0.896,100.997,-9999,-9999,2.3,289.6
201405050415,0,-7.29,30214.49222,-10.84,-9999,-77.8,-9999,26.44,0.897,100.983,-9999,-9999,2.5,317.5
201405050430,0,-7.247,29790.18687,-10.92,-9999,-78.31,-9999,26.47,0.885,100.956,-9999,-9999,3,283.5
201405050445,0,-7.204,29695.87809,-11.03,-9999,-79.22,-9999,26.56,0.879,100.942,-9999,-9999,3.9,277.5
201405050500,0,-7.161,29790.18687,-11.05,-9999,-79.27,-9999,26.67,0.877,100.949,-9999,-9999,4.3,290.1
201405050515,0,-7.118,29648.72115,-11.15,-9999,-80.31,-9999,26.75,0.866,100.962,-9999,-9999,5,298.1
201405050530,0,-7.074,30073.0724,-11.07,-9999,-79.79,-9999,26.84,0.873,100.969,-9999,-9999,5.4,302.1
201405050545,0,-7.03,29758.75136,-11.32,-9999,-81.63,-9999,26.9,0.86,100.974,-9999,-9999,5.8,310.5
201405050600,0,-6.987,29475.79782,-11.57,-9999,-83.37,-9999,26.97,0.849,101.004,-9999,-9999,5.4,316.8
201405050615,0,-6.944,29412.91094,-11.8,-9999,-84.72,-9999,27.03,0.843,101.028,-9999,-9999,5.3,322.5
201405050630,0,-6.901,29507.24013,-11.82,-9999,-84.86,-9999,27.1,0.846,101.053,-9999,-9999,5.6,329.1
201405050645,0,-6.859,3166426.693,-9999,-9999,-9999,-9999,27.17,0.85,101.054,-9999,-9999,4.6,328.9
201405050700,0,-6.818,3166426.693,-9999,-9999,-9999,-9999,27.2,0.85,101.087,-9999,-9999,4.5,338.1
201405050715,0,-6.776,3166426.693,-9999,-9999,-9999,-9999,27.2,0.852,101.099,-9999,-9999,3.5,330.3
201405050730,0,-6.734,29900.20518,-11.76,-9999,-85.48,-9999,27.2,0.855,101.107,-9999,-9999,3.5,321.7
201405050745,0,-6.693,29900.20518,-11.81,-9999,-85.58,-9999,27.25,0.852,101.114,-9999,-9999,3.6,316.6
201405050800,0,-6.651,29538.68168,-12.05,-9999,-87,-9999,27.27,0.833,101.127,-9999,-9999,2.8,296.4
201405050815,0,-6.61,26910.70634,-13.63,-9999,-96.42,-9999,27.02,0.776,101.119,-9999,-9999,1.5,205.8
201405050830,0,-6.569,25492.24137,-14.7,-9999,-102.99,-9999,27.15,0.728,101.142,-9999,-9999,2.8,159.8
201405050845,0,-6.528,25444.93273,-14.6,-9999,-102.65,-9999,27.35,0.72,101.153,-9999,-9999,2.3,176.4
201405050900,0,-6.486,26469.57075,-13.97,-9999,-98.51,-9999,27.63,0.737,101.166,-9999,-9999,1.6,204
201405050915,0,-6.445,27335.94636,-13.51,-9999,-95.36,-9999,27.84,0.752,101.163,-9999,-9999,1.2,245
201405050930,0,-6.403,28311.90092,-12.97,-9999,-91.72,-9999,27.74,0.785,101.187,-9999,-9999,1.6,283
201405050945,0,-6.362,29239.95644,-12.43,-9999,-88.24,-9999,27.78,0.808,101.19,-9999,-9999,1.9,274.3
201405051000,0,-6.32,29790.18687,-12.13,-9999,-86.37,-9999,27.89,0.818,101.2,-9999,-9999,2.2,289.8
201405051015,0,-6.279,30308.76361,-11.8,-9999,-84.4,-9999,28.13,0.821,101.198,-9999,-9999,2.9,287.8
201405051030,0,-6.237,30607.24483,-11.58,-9999,-83.13,-9999,28.32,0.821,101.197,-9999,-9999,3.3,267.5
201405051045,0,-6.196,30654.36721,-11.48,-9999,-82.71,-9999,28.36,0.82,101.198,-9999,-9999,3.5,299
201405051100,0,-6.154,30497.28599,-11.49,-9999,-83.13,-9999,27.97,0.832,101.19,-9999,-9999,4.3,314.1
201405051115,0,-6.112,30497.28599,-11.5,-9999,-82.97,-9999,27.99,0.833,101.177,-9999,-9999,3.3,305.2
201405051130,0,-6.07,30371.60742,-11.52,-9999,-83.14,-9999,28.09,0.824,101.163,-9999,-9999,3.4,297
201405051145,0,-6.029,30874.24922,-11.33,-9999,-81.99,-9999,28.2,0.833,101.146,-9999,-9999,3.6,294.4
201405051200,0,-5.988,30654.36721,-11.44,-9999,-82.76,-9999,28.17,0.829,101.11,-9999,-9999,4.1,297.6
201405051215,0,-5.947,30748.60689,-11.37,-9999,-82.22,-9999,28.1,0.831,101.085,-9999,-9999,3.8,297.8
201405051230,0,-5.906,30811.42956,-11.29,-9999,-81.58,-9999,28.18,0.831,101.078,-9999,-9999,3.6,295.7
201405051245,0,-5.865,30780.0186,-11.26,-9999,-81.37,-9999,28.24,0.828,101.062,-9999,-9999,4,304.2
201405051300,0,-5.824,30780.0186,-11.25,-9999,-81.23,-9999,28.11,0.836,101.04,-9999,-9999,4.2,307.9
201405051315,0,-5.783,3166426.693,-9999,-9999,-9999,-9999,28.05,0.836,101.018,-9999,-9999,4.4,308.9
201405051330,0,-5.741,3166426.693,-9999,-9999,-9999,-9999,28.03,0.831,101.003,-9999,-9999,4,303.7
201405051345,0,-5.7,3166426.693,-9999,-9999,-9999,-9999,28.21,0.829,100.977,-9999,-9999,3.7,309.1
201405051400,0,-5.659,30764.31284,-11.07,-9999,-80.54,-9999,28.3,0.827,100.956,-9999,-9999,3.6,308.5
201405051415,0,-5.618,30403.0282,-11.31,-9999,-81.76,-9999,28.38,0.809,100.936,-9999,-9999,3.5,305.1
201405051430,0,-5.576,29884.48884,-11.55,-9999,-83.54,-9999,28.53,0.789,100.928,-9999,-9999,3.6,300.4
201405051445,0,-5.534,30245.91677,-11.37,-9999,-82.22,-9999,28.56,0.796,100.922,-9999,-9999,4.4,302.9
201405051500,0,-5.493,29947.35305,-11.57,-9999,-83.67,-9999,28.29,0.802,100.922,-9999,-9999,4.8,315.9
201405051515,0,-5.452,30010.21424,-11.58,-9999,-83.47,-9999,28.3,0.803,100.93,-9999,-9999,4.5,305.5
201405051530,0,-5.41,29915.92133,-11.59,-9999,-83.55,-9999,28.35,0.798,100.927,-9999,-9999,4.2,303.7
201405051545,0,-5.369,30088.78647,-11.49,-9999,-82.87,-9999,28.35,0.802,100.932,-9999,-9999,4.3,308.4
201405051600,0,-5.328,30088.78647,-11.49,-9999,-82.81,-9999,28.32,0.803,100.924,-9999,-9999,3.6,309.7
201405051615,0,-5.287,29900.20518,-11.58,-9999,-83.46,-9999,28.38,0.797,100.929,-9999,-9999,3.6,308.6
201405051630,0,-5.246,29963.06863,-11.52,-9999,-82.86,-9999,28.46,0.793,100.937,-9999,-9999,3.5,300.7
201405051645,0,-5.205,29868.77232,-11.51,-9999,-82.65,-9999,28.42,0.795,100.964,-9999,-9999,2.8,294.6
201405051700,-0.003,-5.164,30198.77966,-11.39,-9999,-81.84,-9999,28.37,0.806,100.98,-9999,-9999,2.6,302.1
201405051715,-0.007,-5.124,30355.89675,-11.36,-9999,-81.49,-9999,28.17,0.821,100.987,-9999,-9999,3.2,258.4
201405051730,-0.006,-5.084,29774.46921,-11.74,-9999,-83.38,-9999,27.42,0.838,100.987,-9999,-9999,4.5,318.6
201405051745,-0.004,-5.044,29978.78402,-11.58,-9999,-82.3,-9999,27.72,0.83,100.993,-9999,-9999,3.1,292.7
201405051800,-0.002,-5.003,30340.18589,-11.25,-9999,-80.36,-9999,27.97,0.829,101.008,-9999,-9999,2.5,283.1
201405051815,-0.001,-4.963,29994.49922,-11.29,-9999,-80.6,-9999,28.07,0.815,101.017,-9999,-9999,2.3,265
201405051830,0,-4.922,29853.05561,-11.6,-9999,-82.37,-9999,28.07,0.81,101.026,-9999,-9999,3,235
201405051845,0,-4.882,29350.02104,-12.58,-9999,-88.73,-9999,27.78,0.809,101.025,-9999,-9999,4.4,189.8
201405051900,0,-4.841,28658.03249,-12.94,-9999,-91.31,-9999,27.69,0.793,101.045,-9999,-9999,3.7,195.6
201405051915,0,-4.8,29412.91094,-12.29,-9999,-86.39,-9999,27.83,0.807,101.042,-9999,-9999,3.9,189.5
201405051930,0,-4.76,29507.24013,-12.39,-9999,-87.5,-9999,27.63,0.821,101.051,-9999,-9999,4,198.9
201405051945,0,-4.719,29758.75136,-12.28,-9999,-87.12,-9999,27.5,0.836,101.068,-9999,-9999,3.9,215
201405052000,0,-4.677,29460.07639,-12.31,-9999,-87.25,-9999,27.62,0.821,101.084,-9999,-9999,4,226.9
201405052015,0,-4.635,28878.25038,-12.9,-9999,-91.66,-9999,27.8,0.798,101.108,-9999,-9999,4.4,228.6
201405052030,0,-4.594,30104.50035,-12.08,-9999,-85.73,-9999,27.89,0.829,101.123,-9999,-9999,6.8,219.9
201405052045,0,-4.552,3166426.693,-9999,-9999,-9999,-9999,27.79,0.856,101.141,-9999,-9999,5.5,224
201405052100,0,-4.51,3166426.693,-9999,-9999,-9999,-9999,27.56,0.854,101.151,-9999,-9999,4.2,201.3
201405052115,0,-4.468,3166426.693,-9999,-9999,-9999,-9999,27.44,0.844,101.17,-9999,-9999,4.1,211.5
201405052130,0,-4.426,30512.99496,-11.88,-9999,-84.71,-9999,27.65,0.847,101.181,-9999,-9999,4.7,233.2
201405052145,0,-4.385,30481.57683,-12,-9999,-84.87,-9999,27.7,0.847,101.186,-9999,-9999,5.3,233.2
201405052200,0,-4.343,30418.7383,-12,-9999,-84.74,-9999,27.79,0.84,101.196,-9999,-9999,5.3,236.8
201405052215,0,-4.302,29758.75136,-12.41,-9999,-87.82,-9999,27.84,0.817,101.196,-9999,-9999,5.6,234.6
201405052230,0,-4.26,29570.12247,-12.97,-9999,-92.07,-9999,28,0.805,101.19,-9999,-9999,6.5,238.3
201405052245,0,-4.218,29538.68168,-13.1,-9999,-92.86,-9999,28.02,0.806,101.192,-9999,-9999,6,240.7
201405052300,0,-4.175,30575.82896,-12.49,-9999,-88.38,-9999,28.1,0.829,101.21,-9999,-9999,4.4,241.8
201405052315,0,-4.133,29821.62161,-12.32,-9999,-87.27,-9999,28.07,0.813,101.21,-9999,-9999,3.8,226.2
201405052330,0,-4.09,30010.21424,-12.44,-9999,-88,-9999,28.18,0.809,101.201,-9999,-9999,4,216.9
201405052345,0,-4.047,30167.35398,-12.48,-9999,-88.4,-9999,28.12,0.816,101.19,-9999,-9999,4.8,232.9
201405060000,0,-4.004,30245.91677,-12.23,-9999,-86.79,-9999,28.12,0.82,101.181,-9999,-9999,4.7,237
201405060015,0,-3.961,30214.49222,-12.06,-9999,-85.69,-9999,28.1,0.819,101.177,-9999,-9999,4.7,244.5
201405060030,0,-3.918,30889.95366,-11.67,-9999,-82.64,-9999,28.14,0.835,101.142,-9999,-9999,5.4,247.6
201405060045,0,-3.875,30780.0186,-11.87,-9999,-84.02,-9999,28.13,0.832,101.128,-9999,-9999,4.4,224.3
201405060100,0,-3.832,30968.47305,-11.87,-9999,-83.94,-9999,28.19,0.834,101.12,-9999,-9999,5.4,236.5
201405060115,0,-3.789,3166426.693,-9999,-9999,-9999,-9999,28.11,0.835,101.112,-9999,-9999,6,255.5
201405060130,0,-3.745,3166426.693,-9999,-9999,-9999,-9999,27.93,0.849,101.096,-9999,-9999,6.2,272.3
201405060145,0,-3.701,3166426.693,-9999,-9999,-9999,-9999,27.79,0.851,101.071,-9999,-9999,6.4,247
201405060200,0,-3.657,3166426.693,-9999,-9999,-9999,-9999,27.21,0.847,101.044,-9999,-9999,6.7,251.8
201405060215,0,-3.613,3166426.693,-9999,-9999,-9999,-9999,26.86,0.876,101.035,-9999,-9999,5.3,266
201405060230,0,-3.569,3166426.693,-9999,-9999,-9999,-9999,26.72,0.897,101.028,-9999,-9999,3.8,263
201405060245,0,-3.525,3166426.693,-9999,-9999,-9999,-9999,25.92,0.908,101.012,-9999,-9999,2,184.8
201405060300,0,-3.481,3166426.693,-9999,-9999,-9999,-9999,25.1,0.897,101.029,-9999,-9999,3,266.1
201405060315,0,-3.437,3166426.693,-9999,-9999,-9999,-9999,24.41,0.903,101.018,-9999,-9999,3.4,238.9
201405060330,0,-3.393,3166426.693,-9999,-9999,-9999,-9999,24.7,0.908,100.997,-9999,-9999,6.1,253
201405060345,0,-3.349,3166426.693,-9999,-9999,-9999,-9999,25.24,0.887,100.98,-9999,-9999,5.6,253.9
201405060400,0,-3.305,3166426.693,-9999,-9999,-9999,-9999,25.94,0.887,100.98,-9999,-9999,6.8,252
201405060415,0,-3.261,3166426.693,-9999,-9999,-9999,-9999,26.48,0.904,100.981,-9999,-9999,6.5,254.8
201405060430,0,-3.217,3166426.693,-9999,-9999,-9999,-9999,26.73,0.903,101.001,-9999,-9999,6,257
201405060445,0,-3.171,3166426.693,-9999,-9999,-9999,-9999,26.95,0.899,101.01,-9999,-9999,5.3,255.6
201405060500,0,-3.126,3166426.693,-9999,-9999,-9999,-9999,27.08,0.888,101.005,-9999,-9999,4.8,261.4
201405060515,0,-3.082,3166426.693,-9999,-9999,-9999,-9999,27.19,0.883,100.991,-9999,-9999,4.7,265.6
201405060530,0,-3.04,3166426.693,-9999,-9999,-9999,-9999,27.39,0.883,100.991,-9999,-9999,4.8,262.8
201405060545,0,-2.998,3166426.693,-9999,-9999,-9999,-9999,27.5,0.868,101.015,-9999,-9999,4.6,263
201405060600,0,-2.957,3166426.693,-9999,-9999,-9999,-9999,27.54,0.86,101.031,-9999,-9999,4.3,266
201405060615,0,-2.916,3166426.693,-9999,-9999,-9999,-9999,27.61,0.852,101.04,-9999,-9999,4.4,240.6
201405060630,0,-2.874,3166426.693,-9999,-9999,-9999,-9999,27.6,0.853,101.053,-9999,-9999,4.2,235.1
201405060645,0,-2.832,3166426.693,-9999,-9999,-9999,-9999,27.51,0.841,101.061,-9999,-9999,3.9,239.6
201405060700,0,-2.789,3166426.693,-9999,-9999,-9999,-9999,27.59,0.813,101.072,-9999,-9999,3.7,243.4
201405060715,0,-2.747,3166426.693,-9999,-9999,-9999,-9999,27.85,0.814,101.1,-9999,-9999,5,251.1
201405060730,0,-2.705,3166426.693,-9999,-9999,-9999,-9999,28.09,0.839,101.134,-9999,-9999,3.8,224.2
201405060745,0,-2.663,3166426.693,-9999,-9999,-9999,-9999,27.88,0.851,101.153,-9999,-9999,3.5,208.3
201405060800,0,-2.622,3166426.693,-9999,-9999,-9999,-9999,27.59,0.86,101.179,-9999,-9999,3.3,231.5
201405060815,0,-2.583,3166426.693,-9999,-9999,-9999,-9999,27.23,0.868,101.211,-9999,-9999,3.4,256.8
201405060830,0,-2.544,3166426.693,-9999,-9999,-9999,-9999,26.77,0.86,101.235,-9999,-9999,6.9,271.3
201405060845,0,-2.506,3166426.693,-9999,-9999,-9999,-9999,26.9,0.868,101.239,-9999,-9999,6,240.7
201405060900,0,-2.467,3166426.693,-9999,-9999,-9999,-9999,26.74,0.881,101.246,-9999,-9999,7.8,246.3
201405060915,0,-2.429,3166426.693,-9999,-9999,-9999,-9999,26.57,0.881,101.25,-9999,-9999,6.6,249.9
201405060930,0,-2.391,3166426.693,-9999,-9999,-9999,-9999,26.66,0.87,101.249,-9999,-9999,6.6,258.4
201405060945,0,-2.354,3166426.693,-9999,-9999,-9999,-9999,27.03,0.867,101.244,-9999,-9999,6.4,245.8
201405061000,0,-2.317,3166426.693,-9999,-9999,-9999,-9999,26.81,0.87,101.25,-9999,-9999,7.5,232.6
201405061015,0,-2.282,3166426.693,-9999,-9999,-9999,-9999,26.59,0.873,101.244,-9999,-9999,9.2,213.1
201405061030,0,-2.249,3166426.693,-9999,-9999,-9999,-9999,26.28,0.885,101.228,-9999,-9999,8.2,214.1
201405061045,0,-2.218,3166426.693,-9999,-9999,-9999,-9999,26.34,0.868,101.242,-9999,-9999,6.8,224.5
201405061100,0,-2.189,3166426.693,-9999,-9999,-9999,-9999,26.53,0.848,101.241,-9999,-9999,5.9,236.1
201405061115,0,-2.16,29412.91094,-13.96,-9999,-99.26,-9999,26.74,0.836,101.222,-9999,-9999,5.4,243.6
201405061130,0,-2.131,29051.25271,-13.91,-9999,-98.71,-9999,27.19,0.813,101.201,-9999,-9999,4.8,250.4
201405061145,0,-2.101,27729.56399,-14.49,-9999,-103.29,-9999,27.33,0.776,101.163,-9999,-9999,4.9,265.3
201405061200,0,-2.072,27871.23736,-14.28,-9999,-101.6,-9999,27.74,0.762,101.156,-9999,-9999,4.4,263.4
201405061215,0,-2.042,27761.04829,-14.41,-9999,-102.72,-9999,28.02,0.752,101.174,-9999,-9999,4.8,260.2
201405061230,0,-2.013,28012.8954,-14.31,-9999,-101.38,-9999,28.28,0.748,101.175,-9999,-9999,4.5,257
201405061245,0,-1.983,3166426.693,-9999,-9999,-9999,-9999,28.34,0.747,101.18,-9999,-9999,4.5,255.9
201405061300,0,-1.953,3166426.693,-9999,-9999,-9999,-9999,28.52,0.748,101.154,-9999,-9999,5,255.4
201405061315,0,-1.924,28689.49446,-13.75,-9999,-98.74,-9999,28.56,0.753,101.113,-9999,-9999,5.5,253.4
201405061330,0,-1.895,28248.95807,-13.9,-9999,-99.8,-9999,28.59,0.744,101.094,-9999,-9999,5.1,253.3
201405061345,0,-1.866,28327.63616,-13.88,-9999,-99.42,-9999,28.66,0.745,101.092,-9999,-9999,4.7,256.8
201405061400,0,-1.837,28469.2448,-13.87,-9999,-99.37,-9999,28.64,0.749,101.093,-9999,-9999,4.9,249.3
201405061415,0,-1.808,28532.17706,-13.82,-9999,-98.88,-9999,28.6,0.752,101.092,-9999,-9999,4.5,258.9
201405061430,0,-1.779,28311.90092,-13.92,-9999,-99.49,-9999,28.61,0.744,101.06,-9999,-9999,4.2,267.5
201405061445,0,-1.75,27918.45841,-14.09,-9999,-100.11,-9999,28.7,0.732,101.047,-9999,-9999,4.4,250.9
201405061500,0,-1.721,27839.75572,-14.3,-9999,-101.04,-9999,28.76,0.725,101.042,-9999,-9999,3.9,254.3
201405061515,0,-1.692,27855.49664,-14.68,-9999,-103.63,-9999,28.62,0.732,101.041,-9999,-9999,3.9,241.9
201405061530,0,-1.662,27792.53183,-14.66,-9999,-103.57,-9999,28.6,0.732,101.034,-9999,-9999,4.1,247.1
201405061545,0,-1.633,28201.74894,-14.53,-9999,-102.52,-9999,28.57,0.746,101.053,-9999,-9999,4.8,241.9
201405061600,0,-1.604,28327.63616,-14.56,-9999,-102.56,-9999,28.5,0.753,101.067,-9999,-9999,4.4,240.4
201405061615,0,-1.575,28547.90965,-14.51,-9999,-102.15,-9999,28.4,0.759,101.088,-9999,-9999,4.4,241
201405061630,0,-1.546,28689.49446,-14.61,-9999,-102.72,-9999,28.24,0.769,101.086,-9999,-9999,3.2,229
201405061645,0,-1.517,28736.68599,-14.52,-9999,-102.02,-9999,28.1,0.778,101.089,-9999,-9999,3.5,231.2
201405061700,0,-1.488,29397.18875,-14.13,-9999,-98.59,-9999,28.1,0.794,101.097,-9999,-9999,3.5,230.6
201405061715,0,-1.459,29428.63295,-14.11,-9999,-98.47,-9999,28.01,0.8,101.103,-9999,-9999,2.7,208.3
201405061730,0,-1.43,29287.12812,-14.21,-9999,-99.09,-9999,27.88,0.803,101.131,-9999,-9999,2.5,204.9
201405061745,0,-1.401,29287.12812,-14.17,-9999,-99.1,-9999,27.88,0.804,101.159,-9999,-9999,2.3,214.4
201405061800,0,-1.371,29507.24013,-14.06,-9999,-98.22,-9999,27.84,0.811,101.173,-9999,-9999,2.2,188.4
201405061815,0,-1.342,28909.70705,-14.36,-9999,-100.56,-9999,27.8,0.798,101.188,-9999,-9999,2,195.6
201405061830,0,-1.312,28909.70705,-14.31,-9999,-100.18,-9999,27.84,0.794,101.227,-9999,-9999,1.9,211
201405061845,0,-1.282,29066.97906,-14.2,-9999,-99.42,-9999,27.88,0.799,101.24,-9999,-9999,1.6,183.6
201405061900,0,-1.252,3166426.693,-9999,-9999,-9999,-9999,27.8,0.805,101.237,-9999,-9999,1.1,203.5
201405061915,0,-1.223,3166426.693,-9999,-9999,-9999,-9999,27.71,0.804,101.256,-9999,-9999,0.9,262.1
201405061930,0,-1.195,3166426.693,-9999,-9999,-9999,-9999,27.8,0.812,101.27,-9999,-9999,0.8,197.3
201405061945,0,-1.166,3166426.693,-9999,-9999,-9999,-9999,27.68,0.823,101.281,-9999,-9999,2.2,80.6
201405062000,0,-1.138,3166426.693,-9999,-9999,-9999,-9999,25.42,0.899,101.277,-9999,-9999,14.2,269.8
201405062015,0,-1.109,3166426.693,-9999,-9999,-9999,-9999,23.55,0.945,101.364,-9999,-9999,6.7,318.4
201405062030,0,-1.08,3166426.693,-9999,-9999,-9999,-9999,23.15,0.964,101.378,-9999,-9999,2.7,287.8
201405062045,0,-1.051,3166426.693,-9999,-9999,-9999,-9999,22.99,0.968,101.388,-9999,-9999,1.7,168.9
201405062100,0,-1.022,3166426.693,-9999,-9999,-9999,-9999,23.33,0.97,101.39,-9999,-9999,1.4,144.6
201405062115,0,-0.993,3166426.693,-9999,-9999,-9999,-9999,23.59,0.968,101.402,-9999,-9999,2.4,255.3
201405062130,0,-0.965,3166426.693,-9999,-9999,-9999,-9999,23.91,0.956,101.423,-9999,-9999,5.3,236.9
201405062145,0,-0.936,3166426.693,-9999,-9999,-9999,-9999,24.16,0.956,101.425,-9999,-9999,5.5,233.2
201405062200,0,-0.907,3166426.693,-9999,-9999,-9999,-9999,24.12,0.953,101.43,-9999,-9999,3.5,232.4
201405062215,0,-0.878,3166426.693,-9999,-9999,-9999,-9999,24.08,0.956,101.446,-9999,-9999,3,217.4
201405062230,0,-0.849,3166426.693,-9999,-9999,-9999,-9999,24.2,0.957,101.447,-9999,-9999,2.8,193.4
201405062245,-0.001,-0.82,3166426.693,-9999,-9999,-9999,-9999,24.35,0.956,101.43,-9999,-9999,2.9,193.7
201405062300,-0.001,-0.791,3166426.693,-9999,-9999,-9999,-9999,24.4,0.941,101.421,-9999,-9999,2.9,189.7
201405062315,-0.001,-0.762,3166426.693,-9999,-9999,-9999,-9999,24.64,0.935,101.42,-9999,-9999,3.4,208.3
201405062330,-0.001,-0.733,3166426.693,-9999,-9999,-9999,-9999,24.92,0.936,101.417,-9999,-9999,3.1,209.4
201405062345,-0.001,-0.704,3166426.693,-9999,-9999,-9999,-9999,24.93,0.934,101.406,-9999,-9999,3.3,196.2
201405070000,-0.001,-0.675,3166426.693,-9999,-9999,-9999,-9999,25.03,0.931,101.4,-9999,-9999,3.3,213.9
201405070015,-0.001,-0.646,3166426.693,-9999,-9999,-9999,-9999,25.14,0.926,101.4,-9999,-9999,5,219.4
201405070030,-0.001,-0.617,3166426.693,-9999,-9999,-9999,-9999,25.3,0.922,101.387,-9999,-9999,4.9,226.5
201405070045,-0.001,-0.587,3166426.693,-9999,-9999,-9999,-9999,25.47,0.914,101.353,-9999,-9999,6.2,214.8
201405070100,-0.002,-0.558,3166426.693,-9999,-9999,-9999,-9999,25.6,0.905,101.318,-9999,-9999,4.8,209.9
201405070115,-0.002,-0.529,3166426.693,-9999,-9999,-9999,-9999,25.59,0.906,101.272,-9999,-9999,4.5,193.1
201405070130,-0.002,-0.5,3166426.693,-9999,-9999,-9999,-9999,25.46,0.908,101.242,-9999,-9999,4.5,190.4
201405070145,-0.002,-0.471,3166426.693,-9999,-9999,-9999,-9999,25.44,0.908,101.214,-9999,-9999,4.9,171.4
201405070200,-0.002,-0.442,3166426.693,-9999,-9999,-9999,-9999,25.57,0.906,101.209,-9999,-9999,4.2,190.4
201405070215,-0.002,-0.412,3166426.693,-9999,-9999,-9999,-9999,25.67,0.898,101.198,-9999,-9999,4.2,196.1
201405070230,-0.002,-0.383,3166426.693,-9999,-9999,-9999,-9999,25.87,0.898,101.179,-9999,-9999,3.9,199.9
201405070245,-0.002,-0.353,3166426.693,-9999,-9999,-9999,-9999,25.86,0.895,101.156,-9999,-9999,4.5,202.6
201405070300,-0.002,-0.324,3166426.693,-9999,-9999,-9999,-9999,25.88,0.883,101.144,-9999,-9999,4.3,215.8
201405070315,-0.002,-0.294,3166426.693,-9999,-9999,-9999,-9999,25.86,0.877,101.129,-9999,-9999,3.8,208.7
201405070330,-0.002,-0.264,3166426.693,-9999,-9999,-9999,-9999,25.84,0.88,101.12,-9999,-9999,3.4,212.2
201405070345,-0.003,-0.234,28532.17706,-18.32,-9999,-133.86,-9999,25.82,0.877,101.12,-9999,-9999,3.2,211.5
201405070400,-0.003,-0.204,28563.64205,-18.33,-9999,-134.25,-9999,25.85,0.878,101.115,-9999,-9999,3.2,213.5
201405070415,-0.003,-0.181,28689.49446,-18.12,-9999,-132.53,-9999,26.01,0.873,101.113,-9999,-9999,3.4,218
201405070430,-0.003,-0.161,28736.68599,-18.04,-9999,-131.79,-9999,26.13,0.871,101.109,-9999,-9999,2.5,213.1
201405070445,-0.003,-0.142,28626.56977,-17.97,-9999,-131.36,-9999,26.22,0.864,101.109,-9999,-9999,2.7,227.6
201405070500,-0.003,-0.122,28626.56977,-17.79,-9999,-129.75,-9999,26.34,0.857,101.111,-9999,-9999,3.3,230.2
201405070515,-0.003,-0.103,28469.2448,-17.8,-9999,-129.81,-9999,26.4,0.847,101.12,-9999,-9999,3.5,229.5
201405070530,-0.003,-0.085,28500.71131,-17.64,-9999,-128.29,-9999,26.55,0.843,101.111,-9999,-9999,3.1,227.1
201405070545,-0.003,-0.067,28453.51127,-17.54,-9999,-127.79,-9999,26.63,0.837,101.11,-9999,-9999,4,242.8
201405070600,-0.003,-0.052,27902.71825,-17.89,-9999,-130.73,-9999,26.7,0.818,101.106,-9999,-9999,4.1,242.3
201405070615,-0.003,-0.039,28107.32558,-17.59,-9999,-128.37,-9999,26.87,0.818,101.1,-9999,-9999,3.7,243.7
201405070630,-0.003,-0.025,28201.74894,-17.59,-9999,-127.81,-9999,26.9,0.818,101.104,-9999,-9999,3.6,231
201405070645,0,-0.01,27997.15638,-17.78,-9999,-129.32,-9999,26.9,0.811,101.114,-9999,-9999,3.8,238.4
201405070700,0.002,-0.008,27855.49664,-17.93,-9999,-130.55,-9999,26.96,0.803,101.121,-9999,-9999,3.5,228.1
201405070715,0.004,-0.008,27587.87528,-18.05,-9999,-131.66,-9999,27.08,0.791,101.129,-9999,-9999,3.8,225.7
201405070730,0.004,-0.007,27493.40762,-18.02,-9999,-131.35,-9999,27.26,0.777,101.134,-9999,-9999,3.8,223.5
201405070745,0.005,-0.007,27131.21841,-18.18,-9999,-132.4,-9999,27.28,0.772,101.155,-9999,-9999,4,229.8
201405070800,0.005,-0.006,27745.30623,-17.54,-9999,-127.31,-9999,27.34,0.783,101.165,-9999,-9999,3.6,224
201405070815,0.002,-0.008,27461.91688,-17.79,-9999,-129.36,-9999,27.39,0.775,101.185,-9999,-9999,3.8,243.1
201405070830,0.006,-0.009,27351.69334,-17.88,-9999,-129.9,-9999,27.38,0.77,101.201,-9999,-9999,3.3,240.2
201405070845,0.01,-0.009,27446.17123,-17.76,-9999,-128.98,-9999,27.49,0.771,101.186,-9999,-9999,3,235.2
201405070900,0.013,-0.009,27209.96372,-17.9,-9999,-130.1,-9999,27.58,0.759,101.197,-9999,-9999,2.8,241.7
201405070915,0.015,-0.008,27414.67936,-17.72,-9999,-128.56,-9999,27.66,0.762,101.206,-9999,-9999,2.4,238.1
201405070930,0.019,-0.008,27288.70429,-17.75,-9999,-128.91,-9999,27.76,0.754,101.21,-9999,-9999,2,256.3
201405070945,0.023,-0.008,27335.94636,-17.75,-9999,-128.84,-9999,27.7,0.756,101.207,-9999,-9999,2.5,262.8
201405071000,0.026,-0.008,27509.1527,-17.54,-9999,-127.22,-9999,27.73,0.762,101.198,-9999,-9999,3,246.1
201405071015,0.029,-0.008,27603.61923,-17.39,-9999,-126,-9999,27.78,0.761,101.19,-9999,-9999,3,243.4
201405071030,0.032,-0.008,27509.1527,-17.5,-9999,-126.88,-9999,27.75,0.761,101.176,-9999,-9999,3.1,251.3
201405071045,0.035,-0.008,27619.36298,-17.35,-9999,-125.68,-9999,27.77,0.764,101.169,-9999,-9999,3.6,250.9
201405071100,0.038,-0.008,27587.87528,-17.37,-9999,-125.95,-9999,27.79,0.761,101.134,-9999,-9999,4.4,248
201405071115,0.041,-0.008,27713.82156,-17.2,-9999,-124.59,-9999,27.8,0.762,101.109,-9999,-9999,4.5,244.2
201405071130,0.044,-0.007,27509.1527,-17.26,-9999,-125.09,-9999,27.8,0.757,101.102,-9999,-9999,5.3,239.8
201405071145,0.046,-0.007,27635.10655,-17.04,-9999,-123.39,-9999,27.85,0.758,101.076,-9999,-9999,5.4,236.2
201405071200,0.049,-0.007,27855.49664,-16.98,-9999,-122.79,-9999,27.8,0.768,101.046,-9999,-9999,5.4,228.4
201405071215,0.053,-0.008,28107.32558,-16.82,-9999,-121.51,-9999,27.8,0.775,101.024,-9999,-9999,5.7,222.8
201405071230,0.055,-0.008,28091.58769,-16.84,-9999,-121.91,-9999,27.9,0.769,101.029,-9999,-9999,4.7,214.8
201405071245,0.041,-0.022,27745.30623,-17.14,-9999,-124.09,-9999,27.9,0.766,101.013,-9999,-9999,5.1,223.6
201405071300,0.024,-0.041,3166426.693,-9999,-9999,-9999,-9999,27.96,0.767,101.018,-9999,-9999,5.4,229.2
201405071315,0.006,-0.057,3166426.693,-9999,-9999,-9999,-9999,28.1,0.757,100.981,-9999,-9999,5.5,226
201405071330,0.001,-0.057,28296.16549,-16.29,-9999,-118.22,-9999,28.23,0.762,100.986,-9999,-9999,4.9,229.3
201405071345,0.001,-0.05,28500.71131,-16.08,-9999,-116.88,-9999,28.25,0.764,101.019,-9999,-9999,4.1,233.7
201405071400,0.001,-0.043,28626.56977,-15.95,-9999,-115.85,-9999,28.34,0.766,101.008,-9999,-9999,4.4,234.7
201405071415,0.001,-0.038,28610.83813,-16.02,-9999,-116.54,-9999,28.49,0.759,100.999,-9999,-9999,4,241.3
201405071430,0.001,-0.034,28248.95807,-16.27,-9999,-118.47,-9999,28.53,0.746,100.983,-9999,-9999,3.7,239.3
201405071445,0.001,-0.03,28012.8954,-16.33,-9999,-118.9,-9999,28.7,0.734,100.977,-9999,-9999,3.4,239.6
201405071500,0.001,-0.027,27981.41717,-16.37,-9999,-118.8,-9999,28.84,0.727,100.97,-9999,-9999,2.9,235.6
201405071515,0.001,-0.024,27902.71825,-16.51,-9999,-119.69,-9999,28.86,0.723,100.955,-9999,-9999,3.2,239.5
201405071530,0.002,-0.021,27871.23736,-16.4,-9999,-119.2,-9999,28.69,0.728,100.954,-9999,-9999,3.5,234.5
201405071545,0.002,-0.017,27792.53183,-16.43,-9999,-119.46,-9999,28.58,0.732,100.933,-9999,-9999,4.1,225.1
201405071600,0.002,-0.014,27902.71825,-16.25,-9999,-118.07,-9999,28.44,0.739,100.976,-9999,-9999,4.3,219.7
201405071615,0.003,-0.01,27477.66234,-16.61,-9999,-121.08,-9999,28.4,0.73,100.98,-9999,-9999,4.9,202.4
201405071630,0.004,-0.007,27572.13114,-16.47,-9999,-120.11,-9999,28.35,0.737,100.987,-9999,-9999,4.3,213.1
201405071645,0.006,-0.003,28012.8954,-16.15,-9999,-117.3,-9999,28.3,0.75,100.99,-9999,-9999,4,207.1
201405071700,0.007,0.001,27776.79015,-16.33,-9999,-118.71,-9999,28.3,0.745,100.993,-9999,-9999,4.7,219.6
201405071715,0.008,0.005,28075.84961,-16.09,-9999,-116.57,-9999,28.3,0.749,100.997,-9999,-9999,4.4,198.3
201405071730,0.009,0.009,28012.8954,-16.21,-9999,-117.63,-9999,28.3,0.75,101.004,-9999,-9999,4.3,194.8
201405071745,0.01,0.013,28610.83813,-15.69,-9999,-113.62,-9999,28.29,0.768,101.023,-9999,-9999,4.3,205
201405071800,0.013,0.016,28752.41613,-15.54,-9999,-112.38,-9999,28.24,0.772,101.033,-9999,-9999,4.3,207.2
201405071815,0.016,0.019,29239.95644,-14.96,-9999,-108.1,-9999,28.29,0.785,101.046,-9999,-9999,5,197.6
201405071830,0.02,0.019,29727.3151,-14.56,-9999,-105.05,-9999,28.22,0.799,101.062,-9999,-9999,4.6,193
201405071845,0.023,0.02,29239.95644,-14.95,-9999,-108.21,-9999,28.17,0.788,101.073,-9999,-9999,5.2,194.6
201405071900,0.026,0.022,29224.23217,-14.95,-9999,-108.3,-9999,28.25,0.786,101.08,-9999,-9999,5.1,200.7
201405071915,0.029,0.025,28705.22516,-15.36,-9999,-111.91,-9999,28.21,0.771,101.072,-9999,-9999,5.6,200
201405071930,0.025,0.012,28469.2448,-15.65,-9999,-114.73,-9999,28.11,0.767,101.037,-9999,-9999,6.4,198.5
201405071945,0.015,-0.016,28956.89064,-15.25,-9999,-111.42,-9999,28.1,0.784,101.046,-9999,-9999,6.1,192.4
201405072000,0.006,-0.043,28862.52176,-15.34,-9999,-112.14,-9999,28.1,0.779,101.059,-9999,-9999,5.9,182.3
201405072015,0,-0.052,28563.64205,-15.63,-9999,-114.74,-9999,28.1,0.773,101.111,-9999,-9999,4.2,181.4
201405072030,0.001,-0.044,28673.76357,-15.52,-9999,-113.9,-9999,28.1,0.776,101.098,-9999,-9999,4.4,165.1
201405072045,0.001,-0.039,29192.78306,-15.05,-9999,-110.02,-9999,28.11,0.789,101.143,-9999,-9999,4.9,161.5
201405072100,0.001,-0.034,29035.52617,-15.12,-9999,-110.53,-9999,28.1,0.784,101.163,-9999,-9999,4.3,163.6
201405072115,0.001,-0.03,29538.68168,-14.58,-9999,-105.94,-9999,28.1,0.798,101.171,-9999,-9999,4.2,172.7
201405072130,0.002,-0.025,29617.28224,-14.56,-9999,-105.47,-9999,28.15,0.801,101.167,-9999,-9999,3.9,170.1
201405072145,0.002,-0.021,29161.33319,-14.92,-9999,-108.26,-9999,28.12,0.786,101.176,-9999,-9999,4.3,169.8
201405072200,0.002,-0.016,29381.46637,-14.72,-9999,-106.62,-9999,28.22,0.791,101.177,-9999,-9999,3.2,173.3
201405072215,0.002,-0.012,29318.57496,-14.76,-9999,-106.97,-9999,28.29,0.786,101.179,-9999,-9999,3.1,185.1
201405072230,0.001,-0.006,29350.02104,-14.73,-9999,-106.72,-9999,28.29,0.788,101.18,-9999,-9999,2.3,182
201405072245,0.001,0,29255.68052,-14.8,-9999,-107.28,-9999,28.3,0.784,101.171,-9999,-9999,2.5,178.6
201405072300,0.001,0.005,29098.43119,-14.9,-9999,-108.12,-9999,28.3,0.779,101.152,-9999,-9999,2.9,173.8
201405072315,0,0.008,28941.16296,-15,-9999,-108.88,-9999,28.3,0.777,101.15,-9999,-9999,3,185.1
201405072330,0.002,0.011,29082.70522,-14.88,-9999,-107.92,-9999,28.3,0.779,101.157,-9999,-9999,3.1,195.6
201405072345,0.012,-0.005,3166426.693,-9999,-9999,-9999,-9999,28.24,0.783,101.15,-9999,-9999,3.8,200.2
201405080000,0.011,-0.022,3166426.693,-9999,-9999,-9999,-9999,28.2,0.776,101.13,-9999,-9999,3.2,189.3
201405080015,0.008,-0.018,3166426.693,-9999,-9999,-9999,-9999,28.21,0.779,101.126,-9999,-9999,2.5,177.3
201405080030,0.006,-0.008,28705.22516,-15.06,-9999,-109.58,-9999,28.22,0.772,101.116,-9999,-9999,2.9,170.9
201405080045,0.002,0.003,28595.10629,-15.22,-9999,-110.85,-9999,28.2,0.769,101.094,-9999,-9999,3.1,173.8
201405080100,-0.01,0.022,28752.41613,-15.12,-9999,-109.9,-9999,28.2,0.775,101.081,-9999,-9999,3.4,170.3
201405080115,-0.029,0.052,28736.68599,-15.13,-9999,-109.88,-9999,28.12,0.775,101.048,-9999,-9999,3.9,164.9
201405080130,-0.051,0.087,28547.90965,-15.24,-9999,-111.05,-9999,28.16,0.769,101.026,-9999,-9999,3.6,171.9
201405080145,-0.073,0.123,28878.25038,-14.86,-9999,-107.89,-9999,28.13,0.779,101.004,-9999,-9999,4,174.2
201405080200,-0.096,0.16,28720.95567,-14.92,-9999,-108.36,-9999,28.15,0.774,100.997,-9999,-9999,4.2,175.3
201405080215,-0.12,0.198,29633.00179,-14.18,-9999,-102.22,-9999,28.12,0.799,100.989,-9999,-9999,4.1,165.5
201405080230,-0.144,0.237,29334.29809,-14.43,-9999,-104.09,-9999,28.1,0.792,100.98,-9999,-9999,4.6,167.2
201405080245,-0.168,0.275,28626.56977,-15.03,-9999,-108.65,-9999,28.12,0.771,100.978,-9999,-9999,4.7,172.1
201405080300,-0.192,0.313,29931.63728,-14,-9999,-101.04,-9999,28.16,0.81,100.97,-9999,-9999,5.4,167.8
201405080315,-0.216,0.352,30088.78647,-13.83,-9999,-99.71,-9999,28,0.818,100.967,-9999,-9999,5.2,162.2
201405080330,-0.241,0.391,29538.68168,-14.19,-9999,-102.49,-9999,28.09,0.798,100.977,-9999,-9999,5.3,153.6
201405080345,-0.266,0.429,29255.68052,-14.43,-9999,-104.54,-9999,28.16,0.79,100.98,-9999,-9999,5.7,148.8
201405080400,-0.29,0.468,29947.35305,-14.11,-9999,-102,-9999,28.02,0.816,100.985,-9999,-9999,6.8,159.2
201405080415,-0.314,0.506,29460.07639,-14.41,-9999,-104.17,-9999,27.89,0.806,100.983,-9999,-9999,7,159.2
201405080430,-0.337,0.545,28547.90965,-14.97,-9999,-108.58,-9999,28.03,0.777,100.986,-9999,-9999,6.5,150.5
201405080445,-0.359,0.584,28547.90965,-14.98,-9999,-108.29,-9999,27.87,0.783,100.997,-9999,-9999,6.3,139.7
201405080500,-0.382,0.624,28705.22516,-14.62,-9999,-106.08,-9999,27.74,0.791,101.008,-9999,-9999,4.5,148.8
201405080515,-0.404,0.663,28909.70705,-14.13,-9999,-102.57,-9999,28.15,0.779,101.007,-9999,-9999,6,159.9
201405080530,-0.428,0.702,28846.79295,-14.03,-9999,-101.88,-9999,28.3,0.773,100.998,-9999,-9999,6.1,158.1
201405080545,-0.452,0.74,29884.48884,-13.28,-9999,-95.78,-9999,28.28,0.802,100.995,-9999,-9999,6.2,155.7
201405080600,-0.476,0.778,29570.12247,-13.56,-9999,-97.88,-9999,28.2,0.796,101.015,-9999,-9999,5.7,153.4
201405080615,-0.501,0.815,29601.56251,-13.61,-9999,-98.18,-9999,28.24,0.794,101.043,-9999,-9999,5.9,155.6
201405080630,-0.526,0.852,29727.3151,-13.4,-9999,-96.38,-9999,28.3,0.798,101.061,-9999,-9999,5.3,146.3
201405080645,-0.549,0.89,29853.05561,-13.32,-9999,-95.64,-9999,28.37,0.797,101.07,-9999,-9999,6,142.4
201405080700,-0.573,0.929,30073.0724,-13.26,-9999,-95.22,-9999,28.61,0.791,101.081,-9999,-9999,6.5,139.4
201405080715,-0.596,0.967,30450.15794,-13.16,-9999,-94.52,-9999,28.57,0.803,101.096,-9999,-9999,6.3,138.9
201405080730,-0.62,1.005,29491.51907,-13.92,-9999,-100.29,-9999,28.74,0.769,101.114,-9999,-9999,6.2,134.3
201405080745,-0.644,1.043,29019.79944,-14.36,-9999,-103.75,-9999,29.06,0.748,101.125,-9999,-9999,5.5,130.2
201405080800,-0.668,1.08,27745.30623,-15.57,-9999,-112.69,-9999,29.09,0.711,101.137,-9999,-9999,5.4,137.3
201405080815,-0.693,1.117,29727.3151,-13.63,-9999,-98.08,-9999,29.39,0.754,101.149,-9999,-9999,5.5,137.8
201405080830,-0.717,1.155,30245.91677,-13.34,-9999,-95.95,-9999,28.81,0.79,101.172,-9999,-9999,6.2,153.4
201405080845,-0.74,1.195,29129.88257,-14.1,-9999,-101.52,-9999,28.67,0.762,101.17,-9999,-9999,5.9,148.1
201405080900,-0.763,1.233,28862.52176,-14.24,-9999,-102.71,-9999,29.07,0.743,101.169,-9999,-9999,5.5,148.6
201405080915,-0.786,1.272,29695.87809,-13.61,-9999,-97.56,-9999,29.08,0.76,101.16,-9999,-9999,5.4,146.4
201405080930,-0.81,1.311,29633.00179,-13.54,-9999,-97.09,-9999,29.29,0.754,101.15,-9999,-9999,4.9,139.1
201405080945,-0.834,1.348,29695.87809,-13.5,-9999,-96.77,-9999,29.48,0.748,101.148,-9999,-9999,5,133.9
201405081000,-0.859,1.385,29522.961,-13.58,-9999,-97.34,-9999,29.27,0.751,101.145,-9999,-9999,5.2,131.1
201405081015,-0.884,1.421,29538.68168,-13.53,-9999,-96.82,-9999,29.29,0.75,101.15,-9999,-9999,5.2,139.7
201405081030,-0.909,1.459,29444.35476,-13.47,-9999,-96.6,-9999,29.3,0.748,101.156,-9999,-9999,5.7,142.4
201405081045,-0.933,1.497,29570.12247,-13.37,-9999,-95.84,-9999,28.97,0.765,101.16,-9999,-9999,5.1,141.3
201405081100,-0.957,1.536,29931.63728,-13.22,-9999,-94.51,-9999,28.79,0.78,101.151,-9999,-9999,5.2,145.3
201405081115,-0.981,1.575,29900.20518,-13.37,-9999,-95.88,-9999,28.83,0.779,101.142,-9999,-9999,5.1,139.3
201405081130,-1.004,1.613,28972.61812,-14.02,-9999,-100.57,-9999,28.92,0.751,101.147,-9999,-9999,4.5,141.3
201405081145,-1.028,1.651,29035.52617,-14.04,-9999,-100.84,-9999,28.94,0.752,101.145,-9999,-9999,4.3,146.8
201405081200,-1.051,1.689,29617.28224,-13.49,-9999,-96.83,-9999,29.07,0.761,101.12,-9999,-9999,4,149.6
201405081215,-1.075,1.727,28972.61812,-14.13,-9999,-101.64,-9999,29.07,0.744,101.096,-9999,-9999,4.6,154.5
201405081230,-1.098,1.766,29066.97906,-13.82,-9999,-99.31,-9999,29.16,0.742,101.073,-9999,-9999,4.8,160.2
201405081245,-1.121,1.804,29066.97906,-13.85,-9999,-99.43,-9999,29.1,0.744,101.044,-9999,-9999,4.6,160.6
201405081300,-1.145,1.843,30120.21404,-12.54,-9999,-89.86,-9999,28.9,0.781,101.024,-9999,-9999,4.9,166.6
201405081315,-1.169,1.881,30324.47484,-12.48,-9999,-89.83,-9999,28.78,0.792,100.999,-9999,-9999,5.6,169.9
201405081330,-1.194,1.918,30968.47305,-12.25,-9999,-87.75,-9999,28.52,0.818,100.974,-9999,-9999,5.4,175.2
201405081345,-1.22,1.956,30403.0282,-12.89,-9999,-92.42,-9999,28.32,0.785,100.946,-9999,-9999,5.9,159
201405081400,-1.245,1.993,3166426.693,-9999,-9999,-9999,-9999,28.46,0.734,100.911,-9999,-9999,5.5,168.1
201405081415,-1.27,2.031,3166426.693,-9999,-9999,-9999,-9999,28.48,0.771,100.895,-9999,-9999,5,159.6
201405081430,-1.294,2.069,29318.57496,-13.9,-9999,-99.89,-9999,28.83,0.73,100.893,-9999,-9999,5,149.1
201405081445,-1.318,2.107,3166426.693,-9999,-9999,-9999,-9999,28.9,0.735,100.878,-9999,-9999,5.1,140.3
201405081500,-1.342,2.145,3166426.693,-9999,-9999,-9999,-9999,28.9,0.743,100.87,-9999,-9999,4.9,142.7
201405081515,-1.366,2.183,3166426.693,-9999,-9999,-9999,-9999,28.87,0.749,100.883,-9999,-9999,4.8,145.7
201405081530,-1.39,2.221,3166426.693,-9999,-9999,-9999,-9999,28.8,0.766,100.914,-9999,-9999,4.5,160.2
201405081545,-1.414,2.259,3166426.693,-9999,-9999,-9999,-9999,28.71,0.783,100.946,-9999,-9999,4.5,167.9
201405081600,-1.438,2.297,3166426.693,-9999,-9999,-9999,-9999,28.68,0.802,100.95,-9999,-9999,5,161.6
201405081615,-1.462,2.335,3166426.693,-9999,-9999,-9999,-9999,28.33,0.824,100.945,-9999,-9999,6.9,150.9
201405081630,-1.486,2.372,3166426.693,-9999,-9999,-9999,-9999,28.11,0.813,100.949,-9999,-9999,6.9,151.2
201405081645,-1.509,2.41,3166426.693,-9999,-9999,-9999,-9999,28.02,0.838,100.959,-9999,-9999,6.5,158.1
201405081700,-1.533,2.447,3166426.693,-9999,-9999,-9999,-9999,27.92,0.831,100.973,-9999,-9999,5.9,154.4
201405081715,-1.557,2.485,3166426.693,-9999,-9999,-9999,-9999,27.9,0.82,100.99,-9999,-9999,6.1,150.9
201405081730,-1.581,2.523,3166426.693,-9999,-9999,-9999,-9999,28.03,0.815,101.011,-9999,-9999,6.2,151.3
201405081745,-1.605,2.56,3166426.693,-9999,-9999,-9999,-9999,27.93,0.821,101.017,-9999,-9999,5.8,156.8
201405081800,-1.628,2.597,3166426.693,-9999,-9999,-9999,-9999,27.96,0.812,101.03,-9999,-9999,6.2,155.7
201405081815,-1.652,2.634,3166426.693,-9999,-9999,-9999,-9999,28.07,0.818,101.04,-9999,-9999,5.4,152.6
201405081830,-1.675,2.672,3166426.693,-9999,-9999,-9999,-9999,27.97,0.829,101.038,-9999,-9999,6.6,149
201405081845,-1.699,2.709,3166426.693,-9999,-9999,-9999,-9999,26.36,0.888,101.038,-9999,-9999,8.5,140.1
201405081900,-1.723,2.746,3166426.693,-9999,-9999,-9999,-9999,25.32,0.936,101.105,-9999,-9999,4.5,145.3
201405081915,-1.746,2.783,3166426.693,-9999,-9999,-9999,-9999,25.66,0.91,101.11,-9999,-9999,6.2,133.1
201405081930,-1.769,2.82,3166426.693,-9999,-9999,-9999,-9999,26.03,0.879,101.123,-9999,-9999,5.4,123.7
201405081945,-1.792,2.856,3166426.693,-9999,-9999,-9999,-9999,26.74,0.871,101.13,-9999,-9999,5.7,121.3
201405082000,-1.815,2.893,3166426.693,-9999,-9999,-9999,-9999,26.73,0.888,101.136,-9999,-9999,7.3,126.8
201405082015,-1.839,2.93,3166426.693,-9999,-9999,-9999,-9999,26.45,0.894,101.152,-9999,-9999,4.6,131.8
201405082030,-1.863,2.968,3166426.693,-9999,-9999,-9999,-9999,26.33,0.869,101.17,-9999,-9999,3.6,132.5
201405082045,-1.887,3.005,3166426.693,-9999,-9999,-9999,-9999,26.56,0.854,101.192,-9999,-9999,3,135.6
201405082100,-1.91,3.043,3166426.693,-9999,-9999,-9999,-9999,26.68,0.871,101.213,-9999,-9999,2.5,108.6
201405082115,-1.934,3.08,3166426.693,-9999,-9999,-9999,-9999,26.6,0.882,101.223,-9999,-9999,2.3,122.9
201405082130,-1.958,3.118,3166426.693,-9999,-9999,-9999,-9999,26.63,0.888,101.23,-9999,-9999,1.8,129.8
201405082145,-1.982,3.156,3166426.693,-9999,-9999,-9999,-9999,26.73,0.882,101.237,-9999,-9999,2.4,166.4
201405082200,-2.006,3.193,3166426.693,-9999,-9999,-9999,-9999,26.66,0.883,101.235,-9999,-9999,2.8,210.3
201405082215,-2.03,3.231,3166426.693,-9999,-9999,-9999,-9999,26.89,0.863,101.233,-9999,-9999,1.5,205.1
201405082230,-2.054,3.269,3166426.693,-9999,-9999,-9999,-9999,27.24,0.86,101.23,-9999,-9999,1.1,213.1
201405082245,-2.078,3.307,3166426.693,-9999,-9999,-9999,-9999,27.45,0.822,101.215,-9999,-9999,1.1,169.7
201405082300,-2.102,3.345,3166426.693,-9999,-9999,-9999,-9999,27.79,0.79,101.196,-9999,-9999,1.2,157.7
201405082315,-2.126,3.384,3166426.693,-9999,-9999,-9999,-9999,27.9,0.793,101.183,-9999,-9999,1.3,210.7
201405082330,-2.15,3.422,3166426.693,-9999,-9999,-9999,-9999,27.9,0.807,101.176,-9999,-9999,0.9,202
201405082345,-2.171,3.463,3166426.693,-9999,-9999,-9999,-9999,27.92,0.822,101.167,-9999,-9999,0.9,207.8
201405090000,-2.193,3.502,3166426.693,-9999,-9999,-9999,-9999,28.06,0.8,101.149,-9999,-9999,2,125.8
201405090015,-2.217,3.541,3166426.693,-9999,-9999,-9999,-9999,28.28,0.761,101.143,-9999,-9999,2.5,133.2
201405090030,-2.241,3.579,3166426.693,-9999,-9999,-9999,-9999,28.32,0.764,101.139,-9999,-9999,2.3,122.3
201405090045,-2.264,3.618,3166426.693,-9999,-9999,-9999,-9999,28.28,0.789,101.116,-9999,-9999,2.9,129.9
201405090100,-2.288,3.657,3166426.693,-9999,-9999,-9999,-9999,27.17,0.828,101.087,-9999,-9999,4.8,180
201405090115,-2.312,3.695,3166426.693,-9999,-9999,-9999,-9999,27.28,0.843,101.063,-9999,-9999,3.6,174.7
201405090130,-2.336,3.735,3166426.693,-9999,-9999,-9999,-9999,27.69,0.844,101.043,-9999,-9999,4.5,154.8
201405090145,-2.36,3.773,3166426.693,-9999,-9999,-9999,-9999,27.53,0.831,101.015,-9999,-9999,5.6,147.3
201405090200,-2.384,3.812,3166426.693,-9999,-9999,-9999,-9999,27.33,0.811,101.006,-9999,-9999,4.5,162.6
201405090215,-2.408,3.851,3166426.693,-9999,-9999,-9999,-9999,27.32,0.815,100.993,-9999,-9999,5.9,160.5
201405090230,-2.432,3.89,3166426.693,-9999,-9999,-9999,-9999,27.16,0.812,101.005,-9999,-9999,4.7,172.5
201405090245,-2.457,3.93,3166426.693,-9999,-9999,-9999,-9999,27.49,0.786,101.002,-9999,-9999,4,184.5
201405090300,-2.481,3.969,3166426.693,-9999,-9999,-9999,-9999,27.67,0.814,101.019,-9999,-9999,3.1,185.9
201405090315,-2.505,4.008,3166426.693,-9999,-9999,-9999,-9999,27.64,0.832,101.014,-9999,-9999,3.9,194.8
201405090330,-2.529,4.047,3166426.693,-9999,-9999,-9999,-9999,27.08,0.855,101.007,-9999,-9999,5.5,194.2
201405090345,-2.553,4.085,3166426.693,-9999,-9999,-9999,-9999,25.16,0.933,101.038,-9999,-9999,6.4,227.7
201405090400,-2.577,4.125,3166426.693,-9999,-9999,-9999,-9999,25.3,0.947,101.017,-9999,-9999,5.1,231.4
201405090415,-2.601,4.164,3166426.693,-9999,-9999,-9999,-9999,26.23,0.907,101.013,-9999,-9999,3.1,132.2
201405090430,-2.625,4.203,3166426.693,-9999,-9999,-9999,-9999,26.67,0.891,101.045,-9999,-9999,2.2,146
201405090445,-2.649,4.242,3166426.693,-9999,-9999,-9999,-9999,26.96,0.851,101.078,-9999,-9999,2.2,133.9
201405090500,-2.673,4.281,3166426.693,-9999,-9999,-9999,-9999,27.29,0.847,101.079,-9999,-9999,3,133.5
201405090515,-2.697,4.32,29821.62161,-12.29,-9999,-86.43,-9999,27.42,0.84,101.09,-9999,-9999,2.8,141
201405090530,-2.721,4.359,29381.46637,-12.76,-9999,-89.9,-9999,27.56,0.82,101.12,-9999,-9999,2.9,155.1
201405090545,-2.746,4.398,29570.12247,-12.87,-9999,-91.24,-9999,27.71,0.817,101.13,-9999,-9999,3.5,158.2
201405090600,-2.77,4.438,29915.92133,-12.77,-9999,-90.54,-9999,27.8,0.826,101.137,-9999,-9999,2.9,152.2
201405090615,-2.794,4.477,29743.03333,-13.05,-9999,-93.14,-9999,27.8,0.819,101.161,-9999,-9999,3.1,141.2
201405090630,-2.819,4.517,30167.35398,-12.75,-9999,-91.15,-9999,27.8,0.83,101.175,-9999,-9999,3.1,132.3
201405090645,-2.843,4.556,30167.35398,-12.86,-9999,-92.42,-9999,27.82,0.827,101.188,-9999,-9999,3.3,116.6
201405090700,-2.867,4.596,30434.44822,-12.71,-9999,-91.33,-9999,27.89,0.834,101.219,-9999,-9999,3.3,119.9
201405090715,-2.892,4.636,29617.28224,-13.28,-9999,-96.03,-9999,27.99,0.806,101.219,-9999,-9999,4,124.5
201405090730,-2.917,4.676,29915.92133,-13.24,-9999,-96.01,-9999,28.11,0.812,101.239,-9999,-9999,4.9,98.1
201405090745,-2.941,4.715,30308.76361,-13.21,-9999,-94.74,-9999,27.31,0.857,101.256,-9999,-9999,5.4,74.7
201405090800,-2.966,4.755,30450.15794,-13.15,-9999,-95.24,-9999,27.39,0.856,101.254,-9999,-9999,4.6,87.9
201405090815,-2.991,4.796,29711.59669,-13.46,-9999,-97.18,-9999,27.55,0.83,101.273,-9999,-9999,3.9,89.7
201405090830,-3.025,4.826,28862.52176,-13.85,-9999,-99.6,-9999,27.76,0.796,101.288,-9999,-9999,2.9,86.7
201405090845,-3.055,4.86,29444.35476,-13.54,-9999,-97.62,-9999,28,0.804,101.294,-9999,-9999,2.1,107.3
201405090900,-3.078,4.9,29475.79782,-13.4,-9999,-96.43,-9999,28.05,0.798,101.315,-9999,-9999,2.8,85.7
201405090915,-3.098,4.942,29161.33319,-13.5,-9999,-97.53,-9999,28.31,0.781,101.315,-9999,-9999,3.3,106.3
201405090930,-3.117,4.984,29255.68052,-13.31,-9999,-95.85,-9999,28.6,0.772,101.307,-9999,-9999,4.2,118.7
201405090945,-3.135,5.025,29239.95644,-13.39,-9999,-96.1,-9999,28.74,0.764,101.304,-9999,-9999,3.5,117.9
201405091000,-3.157,5.065,29208.50771,-13.39,-9999,-96.17,-9999,28.71,0.768,101.29,-9999,-9999,3.2,111.8
201405091015,-3.183,5.104,29743.03333,-12.9,-9999,-92.71,-9999,28.69,0.78,101.28,-9999,-9999,3.5,128.6
201405091030,-3.208,5.144,30780.0186,-12.65,-9999,-90.33,-9999,28.11,0.838,101.274,-9999,-9999,4.7,151.2
201405091045,-3.232,5.182,30952.76955,-12.46,-9999,-88.99,-9999,27.78,0.852,101.252,-9999,-9999,5.2,143.8
201405091100,-3.257,5.221,30450.15794,-12.69,-9999,-90.92,-9999,28.13,0.822,101.242,-9999,-9999,4.7,138.5
201405091115,-3.281,5.259,29853.05561,-12.99,-9999,-93.31,-9999,28.28,0.803,101.202,-9999,-9999,5.2,128.7
201405091130,-3.305,5.297,30497.28599,-12.59,-9999,-90.54,-9999,28.17,0.82,101.199,-9999,-9999,5.3,118.2
201405091145,-3.328,5.334,30183.06692,-12.69,-9999,-91.01,-9999,28.28,0.809,101.169,-9999,-9999,5,128.3
201405091200,-3.352,5.372,29994.49922,-12.7,-9999,-90.98,-9999,28.52,0.794,101.15,-9999,-9999,4.7,125.7
201405091215,-3.376,5.409,30025.92906,-12.68,-9999,-91.01,-9999,28.67,0.788,101.138,-9999,-9999,4.9,131.1
201405091230,-3.399,5.446,29821.62161,-12.82,-9999,-91.78,-9999,28.52,0.792,101.117,-9999,-9999,4.9,118.2
201405091245,-3.423,5.483,3166426.693,-9999,-9999,-9999,-9999,28.49,0.788,101.097,-9999,-9999,4.9,130.4
201405091300,-3.446,5.52,3166426.693,-9999,-9999,-9999,-9999,28.57,0.786,101.072,-9999,-9999,4.9,132.7
201405091315,-3.47,5.557,29318.57496,-13.27,-9999,-95.96,-9999,28.54,0.779,101.053,-9999,-9999,5.1,134.7
201405091330,-3.493,5.595,28768.14607,-13.74,-9999,-99.3,-9999,28.73,0.752,101.03,-9999,-9999,5.5,135.2
201405091345,-3.517,5.632,29507.24013,-13.19,-9999,-94.91,-9999,28.8,0.769,101.017,-9999,-9999,5.1,137.9
201405091400,-3.54,5.668,29837.3387,-12.9,-9999,-92.55,-9999,28.79,0.778,100.993,-9999,-9999,4.6,134
201405091415,-3.563,5.704,29978.78402,-12.71,-9999,-91.11,-9999,28.7,0.785,100.981,-9999,-9999,4.9,136.8
201405091430,-3.585,5.74,30245.91677,-12.49,-9999,-89.33,-9999,28.82,0.783,100.966,-9999,-9999,5.1,134.9
201405091445,-3.608,5.776,30340.18589,-12.34,-9999,-88.18,-9999,28.91,0.782,100.952,-9999,-9999,5.1,127.5
201405091500,-3.631,5.813,29978.78402,-12.55,-9999,-89.84,-9999,28.83,0.778,100.948,-9999,-9999,5.2,132.6
201405091515,-3.654,5.849,29994.49922,-12.51,-9999,-89.51,-9999,28.7,0.785,100.953,-9999,-9999,5.6,128
201405091530,-3.677,5.885,29978.78402,-12.53,-9999,-89.61,-9999,28.6,0.788,100.964,-9999,-9999,5.6,131.6
201405091545,-3.7,5.92,29381.46637,-12.86,-9999,-92.13,-9999,28.6,0.774,100.951,-9999,-9999,5.8,132.9
201405091600,-3.722,5.956,29963.06863,-12.54,-9999,-89.63,-9999,28.52,0.793,100.95,-9999,-9999,5.6,130.9
201405091615,-3.745,5.992,30025.92906,-12.47,-9999,-89.01,-9999,28.44,0.794,100.95,-9999,-9999,5.7,133.4
201405091630,-3.768,6.028,30057.35814,-12.48,-9999,-88.8,-9999,28.43,0.797,100.943,-9999,-9999,5.4,135
201405091645,-3.791,6.065,29900.20518,-12.62,-9999,-89.88,-9999,28.39,0.797,100.938,-9999,-9999,5.7,133.4
201405091700,-3.814,6.101,29350.02104,-12.92,-9999,-92.19,-9999,28.32,0.784,100.937,-9999,-9999,6.1,137.6
201405091715,-3.837,6.137,29601.56251,-12.78,-9999,-91.02,-9999,28.39,0.789,100.937,-9999,-9999,6.4,140
201405091730,-3.859,6.173,29208.50771,-12.89,-9999,-91.85,-9999,28.37,0.778,100.946,-9999,-9999,7,140.4
201405091745,-3.882,6.209,29161.33319,-12.73,-9999,-90.6,-9999,28.4,0.774,100.96,-9999,-9999,7,135.2
201405091800,-3.906,6.246,28893.97881,-12.37,-9999,-87.33,-9999,28.35,0.77,100.97,-9999,-9999,6.9,131.9
201405091815,-3.929,6.283,28453.51127,-12.47,-9999,-87.61,-9999,28.4,0.755,100.977,-9999,-9999,7.3,133.3
201405091830,-3.952,6.318,28972.61812,-12.45,-9999,-87.61,-9999,28.4,0.772,100.983,-9999,-9999,6.9,132.9
201405091845,-3.974,6.354,28988.34542,-12.78,-9999,-90.52,-9999,28.38,0.773,100.998,-9999,-9999,6.7,132.2
201405091900,-3.997,6.39,29428.63295,-12.67,-9999,-89.91,-9999,28.34,0.787,101.011,-9999,-9999,6.2,136.8
201405091915,-4.02,6.426,29239.95644,-12.54,-9999,-88.79,-9999,28.38,0.78,101.023,-9999,-9999,6.9,134.6
201405091930,-4.042,6.462,29633.00179,-12.33,-9999,-87.17,-9999,28.4,0.788,101.035,-9999,-9999,6.9,132.4
201405091945,-4.065,6.498,29412.91094,-12.52,-9999,-88.26,-9999,28.38,0.782,101.051,-9999,-9999,6.8,131.3
201405092000,-4.088,6.534,30340.18589,-11.96,-9999,-84.61,-9999,28.38,0.812,101.049,-9999,-9999,7,139.9
201405092015,-4.111,6.57,30999.87948,-11.46,-9999,-81.04,-9999,28.17,0.837,101.049,-9999,-9999,7.7,147.4
201405092030,-4.134,6.607,30764.31284,-11.62,-9999,-82.09,-9999,28.1,0.835,101.057,-9999,-9999,7.2,143.1
201405092045,-4.158,6.643,30842.83977,-11.63,-9999,-82,-9999,28.1,0.835,101.07,-9999,-9999,7,140
201405092100,-4.181,6.68,30450.15794,-11.68,-9999,-82.33,-9999,28.14,0.821,101.07,-9999,-9999,7.2,140
201405092115,-4.204,6.717,30214.49222,-11.72,-9999,-82.53,-9999,28.21,0.814,101.073,-9999,-9999,7.4,140.7
201405092130,-4.227,6.753,31062.69008,-11.37,-9999,-79.93,-9999,28.08,0.844,101.076,-9999,-9999,8.6,151.9
201405092145,-4.251,6.791,30308.76361,-11.62,-9999,-81.58,-9999,28.02,0.822,101.078,-9999,-9999,8.6,142.8
201405092200,-4.274,6.828,30497.28599,-11.47,-9999,-80.51,-9999,28.11,0.826,101.081,-9999,-9999,7.9,147.8
201405092215,-4.298,6.865,30670.0743,-11.3,-9999,-79.26,-9999,28.13,0.827,101.08,-9999,-9999,7.7,149.5
201405092230,-4.322,6.903,30780.0186,-11.2,-9999,-78.66,-9999,28.2,0.83,101.08,-9999,-9999,7.3,144.2
201405092245,-4.346,6.941,30685.78119,-11.12,-9999,-77.81,-9999,28.2,0.827,101.089,-9999,-9999,7.5,148.6
201405092300,-4.37,6.979,30167.35398,-11.21,-9999,-77.98,-9999,28.21,0.81,101.086,-9999,-9999,7.8,146.9
201405092315,-4.394,7.016,30324.47484,-11.07,-9999,-77.2,-9999,28.28,0.815,101.075,-9999,-9999,7.8,147.1
201405092330,-4.417,7.054,30465.86748,-10.83,-9999,-75.64,-9999,28.21,0.82,101.059,-9999,-9999,7.6,150.9
201405092345,-4.441,7.091,30340.18589,-10.9,-9999,-75.88,-9999,28.14,0.818,101.032,-9999,-9999,6.6,155.4
201405100000,-4.464,7.13,30607.24483,-10.83,-9999,-75.38,-9999,28.1,0.828,101.02,-9999,-9999,7,157.7
201405100015,-4.487,7.168,30418.7383,-10.99,-9999,-76.33,-9999,28.21,0.819,101.012,-9999,-9999,7.3,155.7
201405100030,-4.511,7.207,30607.24483,-10.86,-9999,-75.65,-9999,28.22,0.822,101.001,-9999,-9999,7.3,154.6
201405100045,-4.535,7.246,30434.44822,-10.87,-9999,-75.48,-9999,28.2,0.821,100.993,-9999,-9999,6.9,156.9
201405100100,-4.559,7.284,30057.35814,-11,-9999,-76.06,-9999,28.24,0.81,100.99,-9999,-9999,6.4,158
201405100115,-4.582,7.322,30355.89675,-10.79,-9999,-74.76,-9999,28.21,0.817,100.98,-9999,-9999,7,157
201405100130,-4.606,7.361,30575.82896,-10.45,-9999,-72.36,-9999,28.24,0.823,100.961,-9999,-9999,7.1,160.2
201405100145,-4.63,7.4,31251.10378,-10.15,-9999,-70.3,-9999,28.13,0.844,100.944,-9999,-9999,7.6,156.7
201405100200,-4.655,7.44,30952.76955,-10.22,-9999,-70.69,-9999,28.08,0.839,100.923,-9999,-9999,7.5,157.2
201405100215,-4.679,7.479,30968.47305,-10.23,-9999,-70.65,-9999,28.06,0.842,100.92,-9999,-9999,7.8,158
201405100230,-4.703,7.518,31094.09425,-10.16,-9999,-69.96,-9999,28.06,0.846,100.907,-9999,-9999,7.5,161.1
201405100245,-4.727,7.557,30937.06586,-10.18,-9999,-69.82,-9999,28.07,0.839,100.9,-9999,-9999,7.4,165.7
201405100300,-4.751,7.596,30842.83977,-10.27,-9999,-70.39,-9999,28.07,0.836,100.892,-9999,-9999,6.8,159.5
201405100315,-4.775,7.635,30921.36198,-10.16,-9999,-69.52,-9999,28.2,0.832,100.9,-9999,-9999,7.6,157.4
201405100330,-4.799,7.674,31565.06627,-10.1,-9999,-69.33,-9999,28.12,0.855,100.907,-9999,-9999,8.2,158.8
201405100345,-4.823,7.712,31549.36993,-10.14,-9999,-69.44,-9999,27.81,0.871,100.926,-9999,-9999,6.7,166.6
201405100400,-4.846,7.751,31926.02991,-9.98,-9999,-68.24,-9999,27.56,0.892,100.946,-9999,-9999,6,162.7
201405100415,-4.87,7.79,30984.17636,-10.02,-9999,-68.56,-9999,27.87,0.85,100.95,-9999,-9999,8.4,151.6
201405100430,-4.895,7.829,31298.20296,-9.96,-9999,-68.15,-9999,28.1,0.85,100.958,-9999,-9999,7.7,149.6
201405100445,-4.919,7.868,30999.87948,-11.11,-9999,-76.96,-9999,27.38,0.873,100.954,-9999,-9999,11.4,135.3
201405100500,-4.942,7.906,29397.18875,-12.68,-9999,-88.07,-9999,26.87,0.852,100.981,-9999,-9999,9,149.9
201405100515,-4.966,7.944,30088.78647,-11.34,-9999,-78.19,-9999,27.08,0.864,100.996,-9999,-9999,8.5,149.4
201405100530,-4.989,7.983,30497.28599,-11.12,-9999,-76.83,-9999,26.94,0.88,101.047,-9999,-9999,5.9,155.7
201405100545,-5,8.027,31015.58241,-10.65,-9999,-73.24,-9999,26.98,0.895,101.072,-9999,-9999,2.9,160.2
201405100600,-5,8.074,31612.15414,-9.99,-9999,-68.31,-9999,27.33,0.893,101.072,-9999,-9999,5.6,152
201405100615,-5,8.12,30560.12074,-10.52,-9999,-71.96,-9999,27.5,0.852,101.077,-9999,-9999,8.6,131.1
201405100630,-5,8.167,30450.15794,-10.43,-9999,-71.78,-9999,26.68,0.9,101.108,-9999,-9999,6.6,168.9
201405100645,-5,8.213,30811.42956,-9.96,-9999,-68.02,-9999,27.86,0.849,101.106,-9999,-9999,9,143.2
201405100700,-5,8.258,30811.42956,-9.97,-9999,-68.11,-9999,28.36,0.824,101.105,-9999,-9999,9,143.6
201405100715,-5,8.303,30764.31284,-9.99,-9999,-68.12,-9999,28.44,0.819,101.127,-9999,-9999,8.6,143.2
201405100730,-5,8.348,30732.90075,-10.01,-9999,-68.18,-9999,28.51,0.814,101.164,-9999,-9999,8,144.3
201405100745,-5,8.393,30999.87948,-9.95,-9999,-68,-9999,28.5,0.822,101.172,-9999,-9999,8.2,145.6
201405100800,-5,8.44,30937.06586,-9.97,-9999,-68.03,-9999,28.5,0.822,101.188,-9999,-9999,7.7,148.6
201405100815,-5,8.486,31156.90032,-9.91,-9999,-67.77,-9999,28.55,0.826,101.208,-9999,-9999,7.4,146.4
201405100830,-5,8.531,30308.76361,-10.27,-9999,-69.98,-9999,28.26,0.814,101.2,-9999,-9999,8.7,138.8
201405100845,-5,8.577,28359.10607,-11.46,-9999,-79.05,-9999,26.8,0.83,101.223,-9999,-9999,6.8,153.1
201405100900,-5,8.623,30544.41234,-10.24,-9999,-70.15,-9999,27.33,0.864,101.232,-9999,-9999,6.3,162.4
201405100915,-5,8.668,30858.54459,-9.93,-9999,-67.97,-9999,28.6,0.814,101.219,-9999,-9999,8.1,142.1
201405100930,-5,8.715,31015.58241,-9.92,-9999,-67.89,-9999,28.92,0.806,101.216,-9999,-9999,7.6,144.9
201405100945,-5,8.762,30874.24922,-9.93,-9999,-68.01,-9999,28.83,0.806,101.22,-9999,-9999,7.6,144.4
201405101000,-5,8.808,30701.4879,-9.94,-9999,-68.1,-9999,28.8,0.804,101.212,-9999,-9999,7.9,147.6
201405101015,-4.996,8.855,30984.17636,-9.88,-9999,-67.9,-9999,28.77,0.809,101.189,-9999,-9999,8.1,143.7
201405101030,-4.992,8.9,31329.60147,-9.85,-9999,-67.71,-9999,28.73,0.82,101.162,-9999,-9999,8.8,149.7
201405101045,-4.995,8.946,30717.19442,-9.91,-9999,-67.92,-9999,28.87,0.798,101.132,-9999,-9999,8.8,145
201405101100,-4.999,8.992,30811.42956,-9.91,-9999,-67.94,-9999,29.01,0.793,101.118,-9999,-9999,8.3,148.6
201405101115,-5,9.038,30701.4879,-9.94,-9999,-68.04,-9999,29,0.792,101.096,-9999,-9999,8.3,147.1
201405101130,-5,9.085,30638.65994,-9.96,-9999,-68.03,-9999,29.07,0.787,101.09,-9999,-9999,7.8,150.5
201405101145,-5,9.131,30842.83977,-9.94,-9999,-68.04,-9999,28.87,0.802,101.067,-9999,-9999,8.3,153.8
201405101200,-5,9.177,31031.28516,-9.92,-9999,-67.92,-9999,28.91,0.804,101.051,-9999,-9999,8.3,154.2
201405101215,-5,9.223,30921.36198,-9.89,-9999,-67.86,-9999,28.81,0.804,101.042,-9999,-9999,8.3,148.3
201405101230,-5,9.268,3166426.693,-9999,-9999,-9999,-9999,28.9,0.806,101.022,-9999,-9999,8.7,153.7
201405101245,-5,9.315,3166426.693,-9999,-9999,-9999,-9999,28.93,0.792,101.019,-9999,-9999,8.8,155.2
201405101300,-5,9.362,3166426.693,-9999,-9999,-9999,-9999,28.99,0.792,101.001,-9999,-9999,8.1,158.9
201405101315,-5,9.409,30560.12074,-9.76,-9999,-67.24,-9999,28.81,0.81,100.971,-9999,-9999,8.7,154.8
201405101330,-5,9.456,30214.49222,-9.86,-9999,-66.94,-9999,27.72,0.836,100.985,-9999,-9999,8.3,163.3
201405101345,-5,9.503,31470.88544,-9.59,-9999,-65.86,-9999,27.38,0.881,100.961,-9999,-9999,6.8,182.6
201405101400,-5,9.55,30827.13476,-9.87,-9999,-67.61,-9999,28.14,0.831,100.949,-9999,-9999,8.8,160.1
201405101415,-5,9.597,31188.30223,-9.88,-9999,-67.7,-9999,28.6,0.821,100.92,-9999,-9999,8.4,162.4
201405101430,-5,9.643,31235.40368,-9.82,-9999,-67.22,-9999,28.66,0.82,100.907,-9999,-9999,7.9,159.2
201405101445,-5,9.689,31235.40368,-9.82,-9999,-66.92,-9999,28.31,0.834,100.893,-9999,-9999,6.4,158.9
201405101500,-5,9.736,30670.0743,-9.92,-9999,-67.74,-9999,28.5,0.812,100.876,-9999,-9999,7.8,155.4
201405101515,-5,9.783,31219.70338,-9.84,-9999,-67.42,-9999,28.71,0.817,100.874,-9999,-9999,7.6,156.6
201405101530,-5,9.83,30827.13476,-9.89,-9999,-67.52,-9999,28.77,0.802,100.87,-9999,-9999,8.2,158.2
201405101545,-5,9.876,30921.36198,-9.87,-9999,-67.26,-9999,28.72,0.809,100.882,-9999,-9999,8.5,159.5
201405101600,-5,9.923,30968.47305,-9.87,-9999,-67.45,-9999,28.57,0.818,100.874,-9999,-9999,8.3,157.4
201405101615,-5,9.968,31078.39226,-9.85,-9999,-67.29,-9999,28.48,0.821,100.872,-9999,-9999,8.9,157.1
201405101630,-5,10.014,30999.87948,-9.84,-9999,-67.21,-9999,28.49,0.817,100.876,-9999,-9999,8.3,162.7
201405101645,-5,10.06,31094.09425,-9.86,-9999,-67.29,-9999,28.44,0.824,100.889,-9999,-9999,8.7,161.4
201405101700,-5,10.107,30905.65792,-9.86,-9999,-67.36,-9999,28.4,0.825,100.903,-9999,-9999,8.9,159
201405101715,-5,10.154,30999.87948,-9.83,-9999,-67.26,-9999,28.4,0.823,100.913,-9999,-9999,7.8,162
201405101730,-5,10.202,30717.19442,-9.86,-9999,-67.45,-9999,28.4,0.818,100.926,-9999,-9999,7.8,160.5
201405101745,-5,10.248,30670.0743,-9.88,-9999,-67.59,-9999,28.36,0.818,100.932,-9999,-9999,7.8,159.8
201405101800,-5,10.294,30324.47484,-9.92,-9999,-67.87,-9999,28.34,0.809,100.945,-9999,-9999,8.2,162.7
201405101815,-5,10.34,30465.86748,-9.91,-9999,-67.74,-9999,28.4,0.811,100.961,-9999,-9999,8.2,161.3
201405101830,-5,10.386,30340.18589,-9.92,-9999,-67.74,-9999,28.4,0.808,100.972,-9999,-9999,8.2,161.8
201405101845,-5,10.433,30418.7383,-9.92,-9999,-67.84,-9999,28.39,0.812,100.998,-9999,-9999,7.7,163.3
201405101900,-5,10.48,30717.19442,-9.85,-9999,-67.52,-9999,28.31,0.82,101.023,-9999,-9999,7.8,157.6
201405101915,-5,10.527,30418.7383,-9.93,-9999,-67.73,-9999,28.3,0.814,101.05,-9999,-9999,8.1,158.1
201405101930,-5,10.574,30324.47484,-9.92,-9999,-67.85,-9999,28.34,0.812,101.078,-9999,-9999,8,160.2
201405101945,-5,10.62,30670.0743,-9.87,-9999,-67.52,-9999,28.29,0.822,101.076,-9999,-9999,8.1,156.5
201405102000,-5,10.667,30544.41234,-9.87,-9999,-67.65,-9999,28.2,0.823,101.09,-9999,-9999,7.9,158.5
201405102015,-5,10.714,30418.7383,-9.85,-9999,-67.65,-9999,28.11,0.823,101.104,-9999,-9999,7.5,159.5
201405102030,-5,10.76,30403.0282,-9.84,-9999,-67.62,-9999,28.1,0.826,101.122,-9999,-9999,7.2,159.2
201405102045,-5,10.807,30371.60742,-9.83,-9999,-67.65,-9999,28.03,0.828,101.15,-9999,-9999,6.6,155.3
201405102100,-5,10.854,30230.20459,-9.86,-9999,-67.74,-9999,27.97,0.826,101.152,-9999,-9999,6.9,156.1
201405102115,-5,10.901,30418.7383,-9.83,-9999,-67.65,-9999,27.97,0.83,101.177,-9999,-9999,7.1,156
201405102130,-5,10.947,30387.3179,-9.85,-9999,-67.83,-9999,27.86,0.834,101.172,-9999,-9999,7.3,157.2
201405102145,-5,10.984,30120.21404,-9.85,-9999,-67.99,-9999,27.8,0.829,101.174,-9999,-9999,6.7,157.3
201405102200,-5.001,10.994,30151.64086,-9.84,-9999,-67.9,-9999,27.79,0.833,101.163,-9999,-9999,6.9,174.5
201405102215,-5.002,10.996,30010.21424,-9.87,-9999,-68.07,-9999,27.7,0.833,101.147,-9999,-9999,6,174.4
201405102230,-5.003,11,30277.34057,-9.82,-9999,-67.95,-9999,27.69,0.841,101.132,-9999,-9999,5.9,165.1
201405102245,-5.001,11.027,30340.18589,-9.82,-9999,-67.94,-9999,27.6,0.843,101.108,-9999,-9999,5.6,154.9
201405102300,-5,11.064,30230.20459,-9.83,-9999,-68.02,-9999,27.6,0.844,101.089,-9999,-9999,5.5,158
201405102315,-5,11.101,30308.76361,-9.81,-9999,-67.9,-9999,27.56,0.846,101.062,-9999,-9999,5.1,156.4
201405102330,-5.001,11.126,30010.21424,-9.84,-9999,-68.01,-9999,27.5,0.841,101.052,-9999,-9999,5.2,167.5
201405102345,-5.002,11.129,30120.21404,-9.85,-9999,-68.09,-9999,27.47,0.845,101.037,-9999,-9999,5.1,167.9
201405110000,-5,11.139,30214.49222,-9.83,-9999,-68.05,-9999,27.42,0.849,101.019,-9999,-9999,3.8,167.4
201405110015,-4.987,11.165,30497.28599,-9.76,-9999,-67.93,-9999,27.4,0.858,101.008,-9999,-9999,4.1,168.9
201405110030,-4.974,11.194,30418.7383,-9.81,-9999,-67.98,-9999,27.37,0.857,100.993,-9999,-9999,4.1,163.1
201405110045,-4.96,11.224,30371.60742,-9.82,-9999,-68.03,-9999,27.37,0.857,100.972,-9999,-9999,4.2,166.8
201405110100,-4.945,11.255,30371.60742,-9.81,-9999,-68.04,-9999,27.33,0.857,100.951,-9999,-9999,3.9,172.2
201405110115,-4.931,11.287,30293.05218,-9.81,-9999,-68.04,-9999,27.3,0.857,100.939,-9999,-9999,3.9,165.9
201405110130,-4.916,11.318,30104.50035,-9.84,-9999,-68.18,-9999,27.24,0.854,100.934,-9999,-9999,4,164.1
201405110145,-4.903,11.346,30293.05218,-9.81,-9999,-68.18,-9999,27.29,0.86,100.938,-9999,-9999,3.3,176.6
201405110200,-4.892,11.374,30167.35398,-9.8,-9999,-68.09,-9999,27.22,0.857,100.927,-9999,-9999,3.3,180.3
201405110215,-4.884,11.403,30120.21404,-9.8,-9999,-68.14,-9999,27.2,0.856,100.916,-9999,-9999,3.6,177.3
201405110230,-4.876,11.433,30120.21404,-9.82,-9999,-68.26,-9999,27.2,0.859,100.912,-9999,-9999,3.9,172.6
201405110245,-4.87,11.462,30088.78647,-9.8,-9999,-68.13,-9999,27.2,0.857,100.907,-9999,-9999,3.7,179.4
201405110300,-4.858,11.491,30293.05218,-9.8,-9999,-68.17,-9999,27.2,0.86,100.915,-9999,-9999,3.6,180.5
201405110315,-4.842,11.517,30245.91677,-9.82,-9999,-68.24,-9999,27.2,0.86,100.911,-9999,-9999,4.1,172.7
201405110330,-4.83,11.537,29994.49922,-9.87,-9999,-68.22,-9999,27.2,0.856,100.912,-9999,-9999,4.3,171.9
201405110345,-4.821,11.557,29947.35305,-9.82,-9999,-68.27,-9999,27.2,0.852,100.93,-9999,-9999,3.8,173.5
201405110400,-4.811,11.576,29805.90433,-9.86,-9999,-68.36,-9999,27.2,0.851,100.94,-9999,-9999,4.3,171
201405110415,-4.801,11.593,29711.59669,-9.88,-9999,-68.37,-9999,27.2,0.847,100.943,-9999,-9999,4.7,169
201405110430,-4.792,11.609,29805.90433,-9.84,-9999,-68.25,-9999,27.2,0.848,100.95,-9999,-9999,5.2,172.7
201405110445,-4.785,11.619,29805.90433,-9.81,-9999,-68.11,-9999,27.23,0.847,100.963,-9999,-9999,5.3,180.9
201405110500,-4.778,11.628,29900.20518,-9.81,-9999,-68.07,-9999,27.23,0.848,100.986,-9999,-9999,4.7,185.1
201405110515,-4.774,11.651,29947.35305,-9.8,-9999,-68.07,-9999,27.2,0.854,101.014,-9999,-9999,3.7,181.8
201405110530,-4.771,11.679,30120.21404,-9.79,-9999,-68.05,-9999,27.22,0.858,101.034,-9999,-9999,3.5,190.1
201405110545,-4.768,11.707,30057.35814,-9.75,-9999,-67.79,-9999,27.2,0.856,101.048,-9999,-9999,3.8,197.5
201405110600,-4.768,11.736,30151.64086,-9.76,-9999,-68.03,-9999,27.22,0.857,101.06,-9999,-9999,4.2,185.6
201405110615,-4.772,11.761,30403.0282,-9.69,-9999,-67.76,-9999,27.3,0.86,101.074,-9999,-9999,3.8,190.1
201405110630,-4.764,11.757,30403.0282,-9.7,-9999,-67.89,-9999,27.3,0.863,101.102,-9999,-9999,5.2,198.4
201405110645,-4.768,11.737,30198.77966,-9.74,-9999,-67.95,-9999,27.3,0.857,101.1,-9999,-9999,5.8,188.4
201405110700,-4.77,11.724,3166426.693,-9999,-9999,-9999,-9999,27.3,0.855,101.141,-9999,-9999,5.7,184.7
201405110715,-4.768,11.715,3166426.693,-9999,-9999,-9999,-9999,27.31,0.848,101.185,-9999,-9999,5.5,181.9
201405110730,-4.767,11.707,30261.62876,-9.7,-9999,-68.26,-9999,27.39,0.856,101.199,-9999,-9999,5.6,182.7
201405110745,-4.766,11.699,30324.47484,-9.72,-9999,-68.19,-9999,27.38,0.858,101.218,-9999,-9999,5.8,173.5
201405110800,-4.774,11.693,30230.20459,-9.77,-9999,-68.43,-9999,27.6,0.843,101.22,-9999,-9999,4.8,182
201405110815,-4.785,11.681,30340.18589,-9.76,-9999,-68.41,-9999,27.58,0.848,101.224,-9999,-9999,6.1,178.4
201405110830,-4.799,11.65,30025.92906,-9.8,-9999,-68.45,-9999,27.5,0.842,101.208,-9999,-9999,6.1,176.9
201405110845,-4.81,11.61,30088.78647,-9.82,-9999,-68.46,-9999,27.56,0.841,101.208,-9999,-9999,5.6,174.5
201405110900,-4.827,11.566,30088.78647,-9.83,-9999,-68.59,-9999,27.52,0.841,101.212,-9999,-9999,5.9,171.7
201405110915,-4.843,11.521,29695.87809,-9.9,-9999,-68.72,-9999,27.58,0.83,101.21,-9999,-9999,5.9,162.6
201405110930,-4.858,11.476,29601.56251,-9.91,-9999,-68.72,-9999,27.74,0.82,101.2,-9999,-9999,6,153.8
201405110945,-4.872,11.431,29585.84258,-9.89,-9999,-68.53,-9999,27.82,0.813,101.194,-9999,-9999,6,150.3
201405111000,-4.883,11.385,28878.25038,-9.95,-9999,-68.75,-9999,27.95,0.791,101.162,-9999,-9999,5.6,155.8
201405111015,-4.895,11.339,28658.03249,-10.01,-9999,-68.87,-9999,28.05,0.778,101.137,-9999,-9999,6,163.7
201405111030,-4.913,11.296,28642.30123,-10,-9999,-68.92,-9999,28.11,0.776,101.12,-9999,-9999,5.9,166
201405111045,-4.932,11.253,28831.06395,-10,-9999,-68.81,-9999,28.1,0.781,101.1,-9999,-9999,4.8,167
201405111100,-4.952,11.21,29397.18875,-9.94,-9999,-68.7,-9999,28,0.802,101.082,-9999,-9999,5.4,171.3
201405111115,-4.972,11.167,29868.77232,-9.87,-9999,-68.52,-9999,27.8,0.823,101.066,-9999,-9999,5.4,165.6
201405111130,-4.991,11.123,29129.88257,-9.94,-9999,-68.49,-9999,27.81,0.799,101.049,-9999,-9999,6,164.5
201405111145,-5.009,11.078,28893.97881,-9.96,-9999,-68.46,-9999,27.9,0.791,101.031,-9999,-9999,6.6,163
201405111200,-5.026,11.034,29695.87809,-9.89,-9999,-68.36,-9999,27.8,0.817,101.006,-9999,-9999,6.9,159
201405111215,-5.043,10.989,29695.87809,-9.93,-9999,-68.48,-9999,27.7,0.822,100.995,-9999,-9999,6.3,159.7
201405111230,-5.06,10.944,29522.961,-9.94,-9999,-68.47,-9999,27.71,0.816,100.964,-9999,-9999,6,154.4
201405111245,-5.078,10.9,29177.05822,-9.97,-9999,-68.5,-9999,27.75,0.805,100.934,-9999,-9999,6.4,153
201405111300,-5.095,10.855,29082.70522,-10,-9999,-68.57,-9999,27.8,0.802,100.919,-9999,-9999,5.7,146.2
201405111315,-5.112,10.809,29035.52617,-10.02,-9999,-68.65,-9999,27.8,0.8,100.909,-9999,-9999,5,143.8
201405111330,-5.13,10.763,29098.43119,-10.02,-9999,-68.58,-9999,27.79,0.801,100.874,-9999,-9999,4.9,145.6
201405111345,-5.148,10.716,28610.83813,-10.06,-9999,-68.66,-9999,27.83,0.785,100.86,-9999,-9999,4.8,145.8
201405111400,-5.166,10.67,28547.90965,-10.08,-9999,-68.61,-9999,27.96,0.777,100.851,-9999,-9999,4.8,146.2
201405111415,-5.183,10.625,28768.14607,-10.07,-9999,-68.5,-9999,28.02,0.78,100.844,-9999,-9999,5.1,141.6
201405111430,-5.201,10.579,28909.70705,-10.06,-9999,-68.54,-9999,28,0.785,100.841,-9999,-9999,5,148.1
201405111445,-5.219,10.533,28815.33476,-10.09,-9999,-68.52,-9999,28.01,0.783,100.832,-9999,-9999,4.9,151.9
201405111500,-5.239,10.489,28689.49446,-10.06,-9999,-68.4,-9999,28.09,0.778,100.832,-9999,-9999,5,151
201405111515,-5.254,10.441,28626.56977,-10.05,-9999,-68.37,-9999,28.09,0.777,100.839,-9999,-9999,5.7,152.9
201405111530,-5.271,10.396,28595.10629,-10.06,-9999,-68.33,-9999,28.08,0.774,100.841,-9999,-9999,5.7,157.4
201405111545,-5.289,10.351,28783.87582,-10.06,-9999,-68.35,-9999,28.1,0.779,100.851,-9999,-9999,5.5,148.3
201405111600,-5.305,10.308,28689.49446,-10.04,-9999,-68.26,-9999,28.11,0.775,100.853,-9999,-9999,5.9,147.8
201405111615,-5.322,10.264,29255.68052,-10,-9999,-68.14,-9999,28.11,0.788,100.867,-9999,-9999,5.6,148.2
201405111630,-5.339,10.219,28909.70705,-9.98,-9999,-68.13,-9999,28.21,0.775,100.881,-9999,-9999,5.9,159.3
201405111645,-5.356,10.176,28579.37427,-10.05,-9999,-68.3,-9999,28.3,0.764,100.908,-9999,-9999,6,164.7
201405111700,-5.373,10.133,28673.76357,-10.07,-9999,-68.32,-9999,28.3,0.769,100.934,-9999,-9999,5.5,166.7
201405111715,-5.389,10.089,28296.16549,-10.11,-9999,-68.47,-9999,28.3,0.758,100.959,-9999,-9999,4.9,166.6
201405111730,-5.406,10.046,28012.8954,-10.14,-9999,-68.61,-9999,28.3,0.75,100.977,-9999,-9999,4.9,159.4
201405111745,-5.423,10.002,28138.80079,-10.18,-9999,-68.65,-9999,28.3,0.754,100.994,-9999,-9999,4.3,157.1
201405111800,-5.44,9.959,27949.93817,-10.17,-9999,-68.6,-9999,28.39,0.746,101.017,-9999,-9999,4.2,153.2
201405111815,-5.456,9.915,28484.97815,-10.12,-9999,-68.49,-9999,28.36,0.761,101.019,-9999,-9999,4.9,157.3
201405111830,-5.473,9.872,28406.30952,-10.13,-9999,-68.57,-9999,28.3,0.759,101.022,-9999,-9999,5.2,150.6
201405111845,-5.489,9.829,28107.32558,-10.12,-9999,-68.58,-9999,28.31,0.752,101.049,-9999,-9999,4.5,149.3
201405111900,-5.506,9.785,28311.90092,-10.12,-9999,-68.59,-9999,28.34,0.756,101.064,-9999,-9999,4.5,154.3
201405111915,-5.523,9.742,28201.74894,-10.16,-9999,-68.81,-9999,28.3,0.754,101.074,-9999,-9999,3.9,158.1
201405111930,-5.54,9.699,28012.8954,-10.17,-9999,-68.91,-9999,28.3,0.748,101.092,-9999,-9999,3.8,157
201405111945,-5.556,9.655,28327.63616,-10.18,-9999,-69.09,-9999,28.32,0.76,101.096,-9999,-9999,4.1,159.4
201405112000,-5.573,9.61,28138.80079,-10.21,-9999,-69.3,-9999,28.3,0.754,101.104,-9999,-9999,4.5,170.6
201405112015,-5.59,9.566,28453.51127,-10.25,-9999,-69.45,-9999,28.32,0.761,101.113,-9999,-9999,5.1,171.9
201405112030,-5.607,9.522,28422.04363,-10.27,-9999,-69.55,-9999,28.26,0.763,101.124,-9999,-9999,5.1,180.7
201405112045,-5.624,9.478,27871.23736,-10.32,-9999,-69.83,-9999,28.29,0.748,101.133,-9999,-9999,4.7,174.5
201405112100,-5.641,9.435,27698.07894,-10.37,-9999,-70.08,-9999,28.29,0.745,101.151,-9999,-9999,4.5,174.5
201405112115,-5.658,9.39,28091.58769,-10.33,-9999,-69.92,-9999,28.19,0.755,101.15,-9999,-9999,4.7,173.3
201405112130,-5.675,9.346,27776.79015,-10.38,-9999,-70.28,-9999,28.1,0.751,101.141,-9999,-9999,4.4,178.6
201405112145,-5.692,9.302,27981.41717,-10.43,-9999,-70.49,-9999,28.1,0.758,101.137,-9999,-9999,5.4,181.8
201405112200,-5.709,9.258,27776.79015,-10.44,-9999,-70.61,-9999,28.1,0.751,101.122,-9999,-9999,5.6,179.9
201405112215,-5.726,9.214,27477.66234,-10.5,-9999,-70.94,-9999,28.1,0.745,101.12,-9999,-9999,5.2,175.4
201405112230,-5.743,9.17,27367.44013,-10.53,-9999,-71.24,-9999,28.1,0.742,101.11,-9999,-9999,5.1,177.1
201405112245,-5.76,9.126,27052.46836,-10.57,-9999,-71.52,-9999,28.09,0.734,101.096,-9999,-9999,5.3,181.2
201405112300,-5.776,9.082,27320.19919,-10.62,-9999,-71.58,-9999,28,0.742,101.066,-9999,-9999,6,182.8
201405112315,-5.793,9.039,27052.46836,-10.66,-9999,-71.84,-9999,27.97,0.736,101.046,-9999,-9999,5.8,184
201405112330,-5.81,8.995,26705.91187,-10.72,-9999,-72.23,-9999,27.94,0.729,101.026,-9999,-9999,5.8,183.3
201405112345,-5.827,8.952,26406.53924,-10.77,-9999,-72.54,-9999,27.92,0.718,101.017,-9999,-9999,5.7,182.9
201405120000,-5.844,8.907,26264.70727,-10.8,-9999,-72.76,-9999,27.91,0.718,101.003,-9999,-9999,5.9,181.7
201405120015,-5.861,8.862,26548.35586,-10.79,-9999,-72.66,-9999,27.9,0.729,100.994,-9999,-9999,6.5,181.2
201405120030,-5.878,8.818,26516.84238,-10.81,-9999,-72.67,-9999,27.9,0.726,101.002,-9999,-9999,6.7,175.4
201405120045,-5.895,8.774,3166426.693,-9999,-9999,-9999,-9999,27.82,0.73,100.99,-9999,-9999,6.6,174
201405120100,-5.912,8.73,3166426.693,-9999,-9999,-9999,-9999,27.8,0.73,100.98,-9999,-9999,6.6,174
201405120115,-5.929,8.686,26658.64706,-10.75,-9999,-72.72,-9999,27.78,0.738,100.962,-9999,-9999,7,172.2
201405120130,-5.946,8.642,26453.81315,-10.83,-9999,-72.74,-9999,27.71,0.731,100.952,-9999,-9999,6.5,171.8
201405120145,-5.963,8.597,26737.42079,-10.81,-9999,-72.53,-9999,27.7,0.739,100.93,-9999,-9999,6.7,171.9
201405120200,-5.98,8.553,26532.59922,-10.85,-9999,-72.68,-9999,27.7,0.735,100.913,-9999,-9999,6.9,171.2
201405120215,-5.995,8.509,26910.70634,-10.8,-9999,-72.45,-9999,27.63,0.748,100.88,-9999,-9999,7.5,171.6
201405120230,-6.001,8.464,26894.95405,-10.8,-9999,-72.37,-9999,27.6,0.746,100.88,-9999,-9999,8.1,173.6
201405120245,-6.001,8.424,26847.69606,-10.8,-9999,-72.38,-9999,27.6,0.743,100.88,-9999,-9999,8.4,173.7
201405120300,-6.002,8.392,27020.96701,-10.77,-9999,-72.23,-9999,27.6,0.751,100.871,-9999,-9999,8.3,172.9
201405120315,-6.002,8.364,27020.96701,-10.78,-9999,-72.22,-9999,27.6,0.749,100.884,-9999,-9999,7.8,172.7
201405120330,-6.003,8.337,27099.71895,-10.75,-9999,-72.01,-9999,27.6,0.75,100.887,-9999,-9999,9.6,174.9
201405120345,-6.003,8.31,27194.21503,-10.74,-9999,-71.9,-9999,27.54,0.754,100.879,-9999,-9999,7.7,171.3
201405120400,-6.004,8.285,27257.20863,-10.74,-9999,-71.88,-9999,27.6,0.758,100.887,-9999,-9999,8.8,173.1
201405120415,-6.004,8.26,27241.46051,-10.7,-9999,-71.78,-9999,27.51,0.758,100.896,-9999,-9999,8.7,172.7
201405120430,-6.004,8.235,27005.21606,-10.77,-9999,-72.08,-9999,27.61,0.749,100.908,-9999,-9999,7.1,167.2
201405120445,-6.005,8.21,27682.33612,-10.66,-9999,-71.52,-9999,27.54,0.771,100.924,-9999,-9999,9,175.7
201405120500,-6.005,8.18,27572.13114,-10.67,-9999,-71.56,-9999,27.5,0.768,100.937,-9999,-9999,8.8,172.1
201405120515,-6.006,8.149,27509.1527,-10.66,-9999,-71.6,-9999,27.5,0.768,100.949,-9999,-9999,8.9,175.8
201405120530,-6.006,8.118,27713.82156,-10.64,-9999,-71.38,-9999,27.51,0.771,100.961,-9999,-9999,9.8,173.9
201405120545,-6.007,8.088,27745.30623,-10.59,-9999,-71.23,-9999,27.5,0.774,100.976,-9999,-9999,9.5,173.9
201405120600,-6.007,8.061,27997.15638,-10.56,-9999,-70.98,-9999,27.51,0.779,101,-9999,-9999,8.1,172.2
201405120615,-6.008,8.045,27965.67776,-10.56,-9999,-71,-9999,27.5,0.78,101.029,-9999,-9999,8.1,170
201405120630,-6.014,8.025,27949.93817,-10.57,-9999,-71.01,-9999,27.5,0.781,101.05,-9999,-9999,10.3,165.4
201405120645,-6.016,8.005,27761.04829,-10.58,-9999,-71.14,-9999,27.53,0.776,101.084,-9999,-9999,9.3,170.9
201405120700,-6.007,7.999,27776.79015,-10.57,-9999,-71.14,-9999,27.66,0.77,101.118,-9999,-9999,8.8,165.9
201405120715,-6.008,8.002,27776.79015,-10.58,-9999,-71.17,-9999,27.78,0.765,101.153,-9999,-9999,8.1,166.7
201405120730,-6.006,7.997,27776.79015,-10.56,-9999,-71.09,-9999,27.71,0.767,101.174,-9999,-9999,8,165
201405120745,-6.008,8.002,27902.71825,-10.54,-9999,-70.99,-9999,27.94,0.76,101.187,-9999,-9999,8.2,166.4
201405120800,-6.008,7.998,27761.04829,-10.59,-9999,-71.17,-9999,27.78,0.769,101.202,-9999,-9999,8.4,166.9
201405120815,-6.007,7.997,28217.48551,-10.5,-9999,-70.69,-9999,27.68,0.777,101.222,-9999,-9999,10,170.7
201405120830,-6.006,7.997,27745.30623,-10.6,-9999,-71.26,-9999,27.88,0.758,101.218,-9999,-9999,8.5,165.1
201405120845,-6.011,8.002,27698.07894,-10.61,-9999,-71.33,-9999,28.19,0.748,101.223,-9999,-9999,8.6,164.8
201405120900,-6.016,8.005,27698.07894,-10.58,-9999,-71.3,-9999,28.37,0.739,101.22,-9999,-9999,8.4,159.2
201405120915,-6.021,8.008,27477.66234,-10.61,-9999,-71.47,-9999,28.51,0.728,101.228,-9999,-9999,8.6,164.3
201405120930,-6.025,8.01,27761.04829,-10.57,-9999,-71.27,-9999,28.47,0.737,101.213,-9999,-9999,8.9,164.3
201405120945,-6.027,8.012,27446.17123,-10.61,-9999,-71.5,-9999,28.57,0.727,101.219,-9999,-9999,8.3,160.4
201405121000,-6.031,8.015,27351.69334,-10.64,-9999,-71.51,-9999,28.61,0.719,101.22,-9999,-9999,8.3,159.9
201405121015,-6.036,8.018,27068.21875,-10.68,-9999,-71.8,-9999,28.63,0.712,101.22,-9999,-9999,8,159.8
201405121030,-6.042,8.021,27335.94636,-10.63,-9999,-71.53,-9999,28.63,0.718,101.203,-9999,-9999,7.8,156.3
201405121045,-6.047,8.023,27131.21841,-10.64,-9999,-71.61,-9999,28.8,0.705,101.176,-9999,-9999,7.9,156.7
201405121100,-6.052,8.026,26768.92896,-10.7,-9999,-71.96,-9999,28.9,0.696,101.149,-9999,-9999,7.7,155.1
201405121115,-6.057,8.029,26957.96205,-10.67,-9999,-71.68,-9999,28.74,0.704,101.13,-9999,-9999,7.4,155.1
201405121130,-6.063,8.032,26894.95405,-10.68,-9999,-71.74,-9999,28.85,0.701,101.15,-9999,-9999,7.9,159.6
201405121145,-6.068,8.034,27320.19919,-10.63,-9999,-71.39,-9999,28.74,0.716,101.109,-9999,-9999,7.1,158.1
201405121200,-6.074,8.037,26942.21033,-10.65,-9999,-71.63,-9999,28.8,0.702,101.071,-9999,-9999,7.8,159.8
201405121215,-6.077,8.037,27099.71895,-10.66,-9999,-71.45,-9999,28.56,0.714,101.055,-9999,-9999,7.2,155.6
201405121230,-6.058,8.025,26863.44892,-10.72,-9999,-71.89,-9999,28.88,0.707,101.059,-9999,-9999,5.6,160.6
201405121245,-6.034,8.012,3166426.693,-9999,-9999,-9999,-9999,28.77,0.711,101.033,-9999,-9999,5.7,166.3
201405121300,-6.01,7.999,3166426.693,-9999,-9999,-9999,-9999,28.8,0.716,101.029,-9999,-9999,5.9,165.4
201405121315,-5.985,7.986,27603.61923,-10.55,-9999,-71.08,-9999,28.8,0.721,101.023,-9999,-9999,6.2,162.1
201405121330,-5.964,7.973,27666.59312,-10.55,-9999,-70.89,-9999,28.43,0.736,100.983,-9999,-9999,6.9,174.3
201405121345,-5.951,7.968,27461.91688,-10.6,-9999,-71.09,-9999,28.56,0.724,100.942,-9999,-9999,6.7,157.2
201405121400,-5.954,7.973,27603.61923,-10.56,-9999,-70.85,-9999,28.58,0.726,100.952,-9999,-9999,7.3,165
201405121415,-5.958,7.976,27351.69334,-10.6,-9999,-71,-9999,28.52,0.723,100.936,-9999,-9999,7.1,168
201405121430,-5.962,7.978,27871.23736,-10.55,-9999,-70.66,-9999,28.45,0.739,100.917,-9999,-9999,7.3,167.6
201405121445,-5.966,7.98,27509.1527,-10.56,-9999,-70.79,-9999,28.23,0.738,100.934,-9999,-9999,7.4,169.9
201405121500,-5.969,7.982,27635.10655,-10.55,-9999,-70.73,-9999,28.29,0.739,100.94,-9999,-9999,7.3,168.6
201405121515,-5.973,7.985,27524.89759,-10.55,-9999,-70.71,-9999,28.27,0.736,100.93,-9999,-9999,7.2,169.1
201405121530,-5.977,7.987,27461.91688,-10.57,-9999,-70.8,-9999,28.25,0.736,100.956,-9999,-9999,7.2,164.5
201405121545,-5.982,7.989,27603.61923,-10.56,-9999,-70.7,-9999,28.33,0.738,100.948,-9999,-9999,7.4,171.9
201405121600,-5.988,7.993,27666.59312,-10.53,-9999,-70.57,-9999,28.26,0.741,101.001,-9999,-9999,7.5,173.6
201405121615,-5.995,7.997,27603.61923,-10.53,-9999,-70.61,-9999,28.1,0.747,101.012,-9999,-9999,7.3,172.9
201405121630,-6.001,8.001,27698.07894,-10.51,-9999,-70.49,-9999,28.04,0.752,101.023,-9999,-9999,6.7,168
201405121645,-6.008,8.005,27304.45184,-10.53,-9999,-70.64,-9999,28.1,0.739,101.042,-9999,-9999,6.3,165.4
201405121700,-6.012,8.001,27446.17123,-10.51,-9999,-70.56,-9999,27.98,0.747,101.058,-9999,-9999,5.7,163.1
201405121715,-6.003,7.987,27792.53183,-10.49,-9999,-70.34,-9999,27.91,0.759,101.067,-9999,-9999,6,167.2
201405121730,-6.005,7.979,27509.1527,-10.53,-9999,-70.55,-9999,27.8,0.754,101.073,-9999,-9999,6.1,166.3
201405121745,-6.007,7.981,27509.1527,-10.51,-9999,-70.5,-9999,27.83,0.757,101.085,-9999,-9999,6.4,162.2
201405121800,-6.008,7.982,27855.49664,-10.45,-9999,-70.19,-9999,27.92,0.758,101.096,-9999,-9999,5.6,147.2
201405121815,-6.008,7.984,28075.84961,-10.42,-9999,-69.91,-9999,27.91,0.764,101.1,-9999,-9999,5.2,145.3
201405121830,-6.008,7.985,27446.17123,-10.43,-9999,-70,-9999,27.96,0.745,101.1,-9999,-9999,5.6,144.2
201405121845,-6.007,7.987,27902.71825,-10.41,-9999,-69.92,-9999,28,0.76,101.108,-9999,-9999,6.1,145.2
201405121900,-6.007,7.988,27556.38682,-10.45,-9999,-70.02,-9999,28.02,0.748,101.125,-9999,-9999,5.8,145.3
201405121915,-6.004,7.997,27792.53183,-10.42,-9999,-69.93,-9999,28.01,0.755,101.123,-9999,-9999,6.5,161.9
201405121930,-5.999,7.999,27524.89759,-10.43,-9999,-70.03,-9999,28,0.748,101.132,-9999,-9999,7.6,166.7
201405121945,-6.008,7.998,27493.40762,-10.45,-9999,-70.19,-9999,27.95,0.75,101.136,-9999,-9999,8,167.7
201405122000,-6.007,7.979,27524.89759,-10.48,-9999,-70.22,-9999,28,0.75,101.174,-9999,-9999,7.3,167.2
201405122015,-6.001,7.943,27792.53183,-10.45,-9999,-70.14,-9999,27.98,0.756,101.192,-9999,-9999,8.1,166.1
201405122030,-6,7.903,27902.71825,-10.43,-9999,-70.19,-9999,27.91,0.761,101.2,-9999,-9999,8.8,166.6
201405122045,-6,7.859,28028.63424,-10.4,-9999,-70.07,-9999,27.91,0.765,101.207,-9999,-9999,9.4,166.1
201405122100,-6,7.812,28044.37289,-10.37,-9999,-70.12,-9999,27.9,0.764,101.227,-9999,-9999,9.6,165.1
201405122115,-6,7.766,27997.15638,-10.37,-9999,-70.07,-9999,27.9,0.762,101.241,-9999,-9999,9.2,164.3
201405122130,-6,7.72,28107.32558,-10.34,-9999,-70.03,-9999,27.89,0.768,101.243,-9999,-9999,9.8,166.3
201405122145,-6,7.675,28186.01219,-10.31,-9999,-69.93,-9999,27.8,0.774,101.247,-9999,-9999,9,167.9
201405122200,-6,7.628,27902.71825,-10.34,-9999,-70.17,-9999,27.8,0.767,101.25,-9999,-9999,9.1,167.2
201405122215,-6,7.581,28138.80079,-10.31,-9999,-69.93,-9999,27.8,0.772,101.25,-9999,-9999,9.4,165.7
201405122230,-6,7.535,27949.93817,-10.33,-9999,-70.11,-9999,27.79,0.766,101.243,-9999,-9999,9.4,162.4
201405122245,-6,7.488,27965.67776,-10.34,-9999,-70.15,-9999,27.71,0.773,101.237,-9999,-9999,9.2,163.4
201405122300,-6,7.442,27934.19839,-10.33,-9999,-70.19,-9999,27.69,0.774,101.248,-9999,-9999,8.6,162.2
201405122315,-6,7.394,28154.53811,-10.29,-9999,-69.98,-9999,27.6,0.784,101.233,-9999,-9999,9,163.6
201405122330,-6,7.347,28264.69406,-10.25,-9999,-69.96,-9999,27.5,0.787,101.224,-9999,-9999,9.4,165.9
201405122345,-6,7.3,28123.06328,-10.29,-9999,-70.07,-9999,27.42,0.789,101.206,-9999,-9999,9.1,166.5
201405130000,-6,7.254,28012.8954,-10.28,-9999,-70.24,-9999,27.4,0.784,101.189,-9999,-9999,9.2,164.5
201405130015,-6,7.208,28170.27524,-10.23,-9999,-70.1,-9999,27.36,0.793,101.163,-9999,-9999,9.4,165
201405130030,-6,7.163,27981.41717,-10.25,-9999,-70.14,-9999,27.3,0.788,101.144,-9999,-9999,9.5,162.1
201405130045,-6,7.116,27792.53183,-10.28,-9999,-70.36,-9999,27.26,0.785,101.141,-9999,-9999,9.1,165.9
201405130100,-6,7.07,27824.01461,-10.27,-9999,-70.36,-9999,27.18,0.791,101.141,-9999,-9999,9.1,166.8
201405130115,-6,7.024,27461.91688,-10.31,-9999,-70.6,-9999,27.2,0.778,101.131,-9999,-9999,8.6,162.2
201405130130,-6,6.978,27194.21503,-10.32,-9999,-70.82,-9999,27.2,0.773,101.131,-9999,-9999,8.3,161.3
201405130145,-6,6.932,27540.6423,-10.27,-9999,-70.56,-9999,27.13,0.784,101.128,-9999,-9999,8.7,161.8
201405130200,-6,6.886,27650.84993,-10.26,-9999,-70.34,-9999,27.06,0.789,101.112,-9999,-9999,8,163.9
201405130215,-6,6.84,27446.17123,-10.29,-9999,-70.52,-9999,27.03,0.786,101.11,-9999,-9999,8.3,159.8
201405130230,-6,6.793,27398.93314,-10.29,-9999,-70.64,-9999,26.98,0.788,101.099,-9999,-9999,9.3,165.3
201405130245,-6,6.747,27320.19919,-10.27,-9999,-70.66,-9999,26.96,0.784,101.093,-9999,-9999,9,158.7
201405130300,-6,6.701,27162.7171,-10.29,-9999,-70.74,-9999,26.9,0.782,101.082,-9999,-9999,9.4,163
201405130315,-6,6.655,27083.96895,-10.32,-9999,-70.89,-9999,26.9,0.779,101.08,-9999,-9999,9.1,160.6
201405130330,-6,6.61,27036.71778,-10.34,-9999,-71.07,-9999,26.9,0.782,101.095,-9999,-9999,8.8,162.7
201405130345,-6,6.563,27225.71221,-10.28,-9999,-70.85,-9999,26.84,0.79,101.083,-9999,-9999,10.2,166.2
201405130400,-6,6.517,27162.7171,-10.27,-9999,-70.78,-9999,26.81,0.785,101.087,-9999,-9999,10.1,162.7
201405130415,-6,6.471,27209.96372,-10.24,-9999,-70.7,-9999,26.78,0.787,101.098,-9999,-9999,10.2,165.6
201405130430,-6,6.425,26863.44892,-10.3,-9999,-71.01,-9999,26.84,0.776,101.093,-9999,-9999,9.9,163.8
201405130445,-6,6.378,27036.71778,-10.29,-9999,-70.88,-9999,26.8,0.783,101.091,-9999,-9999,11.1,167.3
201405130500,-6,6.332,26863.44892,-10.29,-9999,-71.02,-9999,26.75,0.78,101.1,-9999,-9999,10.6,168.6
201405130515,-6,6.286,26516.84238,-10.36,-9999,-71.37,-9999,26.77,0.77,101.107,-9999,-9999,10.2,168.9
201405130530,-6,6.24,26894.95405,-10.27,-9999,-71.04,-9999,26.73,0.781,101.107,-9999,-9999,10.7,168.9
201405130545,-6,6.194,26847.69606,-10.29,-9999,-71.14,-9999,26.69,0.785,101.108,-9999,-9999,11,170.1
201405130600,-6,6.148,26516.84238,-10.33,-9999,-71.49,-9999,26.65,0.777,101.137,-9999,-9999,10.6,169.7
201405130615,-6,6.102,26453.81315,-10.33,-9999,-71.55,-9999,26.68,0.773,101.161,-9999,-9999,11.1,165.6
201405130630,-6,6.055,26800.43637,-10.28,-9999,-71.21,-9999,26.7,0.781,101.163,-9999,-9999,11.6,167.6
201405130645,-6,6.008,26595.62465,-10.31,-9999,-71.38,-9999,26.71,0.777,101.18,-9999,-9999,11.6,167
201405130700,-6,5.961,26721.66642,-10.25,-9999,-71.2,-9999,26.7,0.779,101.206,-9999,-9999,11.1,167.4
201405130715,-6,5.915,26422.2974,-10.32,-9999,-71.45,-9999,26.7,0.771,101.228,-9999,-9999,11.1,161
201405130730,-6,5.869,26784.68276,-10.26,-9999,-71.19,-9999,26.71,0.78,101.271,-9999,-9999,10.5,163.3
201405130745,-6,5.823,26674.40218,-10.28,-9999,-71.24,-9999,26.68,0.781,101.283,-9999,-9999,10.5,161.4
201405130800,-6,5.778,26438.05537,-10.32,-9999,-71.53,-9999,26.7,0.771,101.291,-9999,-9999,10,155.7
201405130815,-6,5.732,27005.21606,-10.23,-9999,-71.02,-9999,26.7,0.789,101.288,-9999,-9999,9.9,159.2
201405130830,-6,5.687,26564.11231,-10.33,-9999,-71.48,-9999,26.69,0.776,101.319,-9999,-9999,9.4,154.1
201405130845,-6,5.642,26611.38054,-10.31,-9999,-71.4,-9999,26.69,0.776,101.366,-9999,-9999,9.9,156.5
201405130900,-6,5.596,26579.86858,-10.33,-9999,-71.48,-9999,26.69,0.778,101.389,-9999,-9999,9.1,153.7
201405130915,-6,5.55,26595.62465,-10.32,-9999,-71.46,-9999,26.71,0.774,101.392,-9999,-9999,9.2,153.8
201405130930,-6,5.504,26485.32815,-10.35,-9999,-71.65,-9999,26.72,0.772,101.376,-9999,-9999,8.3,147
201405130945,-6,5.458,26642.89174,-10.35,-9999,-71.62,-9999,26.79,0.773,101.387,-9999,-9999,9,147.4
201405131000,-6,5.411,26311.9863,-10.36,-9999,-71.84,-9999,26.84,0.762,101.391,-9999,-9999,8.7,148.3
201405131015,-6,5.365,26375.02235,-10.37,-9999,-71.81,-9999,26.88,0.762,101.397,-9999,-9999,8.5,142
201405131030,-6,5.319,26627.13623,-10.35,-9999,-71.74,-9999,26.91,0.77,101.37,-9999,-9999,8.7,143.3
201405131045,-6,5.274,26516.84238,-10.39,-9999,-71.82,-9999,26.9,0.768,101.368,-9999,-9999,8.9,145.8
201405131100,-6,5.228,26375.02235,-10.4,-9999,-72.03,-9999,26.9,0.762,101.352,-9999,-9999,9.1,145.8
201405131115,-6,5.183,26705.91187,-10.36,-9999,-71.71,-9999,26.87,0.773,101.332,-9999,-9999,8.6,147.5
201405131130,-6,5.137,26248.94721,-10.41,-9999,-72.17,-9999,26.87,0.759,101.332,-9999,-9999,8.7,145.3
201405131145,-6,5.091,26658.64706,-10.36,-9999,-71.73,-9999,26.88,0.77,101.329,-9999,-9999,8.8,147
201405131200,-6,5.044,26343.5047,-10.45,-9999,-72.27,-9999,26.9,0.76,101.304,-9999,-9999,8.7,144
201405131215,-6,4.998,26138.6215,-10.46,-9999,-72.56,-9999,26.9,0.752,101.28,-9999,-9999,8.2,140.4
201405131230,-6,4.951,26122.85992,-10.51,-9999,-72.71,-9999,26.98,0.75,101.262,-9999,-9999,8.2,137.3
201405131245,-6,4.904,26375.02235,-10.44,-9999,-72.36,-9999,26.97,0.762,101.25,-9999,-9999,8.5,142.9
201405131300,-6,4.858,3166426.693,-9999,-9999,-9999,-9999,27.04,0.75,101.218,-9999,-9999,9,139.4
201405131315,-6,4.813,3166426.693,-9999,-9999,-9999,-9999,27,0.755,101.192,-9999,-9999,8.3,138.6
201405131330,-6,4.767,25839.11915,-10.59,-9999,-73.78,-9999,27.05,0.744,101.174,-9999,-9999,9.5,140.4
201405131345,-6,4.721,26248.94721,-10.54,-9999,-73.33,-9999,27.11,0.749,101.159,-9999,-9999,8.9,134.3
201405131400,-6,4.675,25996.7605,-10.6,-9999,-73.68,-9999,27.06,0.741,101.108,-9999,-9999,9.1,137.7
201405131415,-6,4.628,26280.46713,-10.57,-9999,-73.45,-9999,27.07,0.749,101.106,-9999,-9999,7.9,136.9
201405131430,-6,4.58,26248.94721,-10.58,-9999,-73.52,-9999,27.08,0.748,101.084,-9999,-9999,8.9,140.3
201405131445,-6,4.532,26201.6659,-10.59,-9999,-73.64,-9999,27.08,0.748,101.058,-9999,-9999,8.7,139.1
201405131500,-6,4.485,25996.7605,-10.65,-9999,-73.97,-9999,27.16,0.738,101.042,-9999,-9999,9.8,140.6
201405131515,-6,4.438,26044.04921,-10.65,-9999,-74,-9999,27.13,0.741,101.045,-9999,-9999,8.6,137
201405131530,-6,4.391,25902.17796,-10.67,-9999,-74.32,-9999,27.2,0.734,101.046,-9999,-9999,9,140.5
201405131545,-6,4.345,26059.81173,-10.66,-9999,-74.14,-9999,27.19,0.739,101.041,-9999,-9999,9,142.4
201405131600,-6,4.297,25965.23375,-10.69,-9999,-74.4,-9999,27.2,0.734,101.05,-9999,-9999,8.4,138.3
201405131615,-6,4.25,25902.17796,-10.71,-9999,-74.52,-9999,27.2,0.733,101.06,-9999,-9999,9.3,135.1
201405131630,-6,4.202,25980.99722,-10.71,-9999,-74.48,-9999,27.2,0.738,101.073,-9999,-9999,8.2,134.4
201405131645,-6,4.154,26453.81315,-10.66,-9999,-74.01,-9999,27.21,0.749,101.096,-9999,-9999,8.7,138.8
201405131700,-6,4.106,26248.94721,-10.69,-9999,-74.23,-9999,27.15,0.746,101.11,-9999,-9999,8.4,137.4
201405131715,-6,4.058,25902.17796,-10.75,-9999,-74.82,-9999,27.2,0.735,101.108,-9999,-9999,8.4,135.9
201405131730,-6,4.01,25886.41354,-10.75,-9999,-74.87,-9999,27.18,0.735,101.106,-9999,-9999,8,144
201405131745,-6,3.963,25744.52522,-10.82,-9999,-75.16,-9999,27.21,0.728,101.117,-9999,-9999,7.8,143.5
201405131800,-6,3.917,26217.42653,-10.74,-9999,-74.62,-9999,27.2,0.746,101.149,-9999,-9999,7.6,139.8
201405131815,-6,3.871,26248.94721,-10.74,-9999,-74.57,-9999,27.2,0.746,101.163,-9999,-9999,7.8,139.2
201405131830,-6,3.826,25902.17796,-10.8,-9999,-75.12,-9999,27.2,0.734,101.173,-9999,-9999,7.3,137.2
201405131845,-6,3.779,25996.7605,-10.78,-9999,-75.09,-9999,27.2,0.739,101.187,-9999,-9999,7.2,140.3
201405131900,-6,3.733,26469.57075,-10.69,-9999,-74.54,-9999,27.16,0.751,101.202,-9999,-9999,7.2,148.4
201405131915,-6,3.686,26406.53924,-10.74,-9999,-74.8,-9999,27.19,0.751,101.22,-9999,-9999,7.9,151.2
201405131930,-6,3.639,26185.90508,-10.76,-9999,-75.1,-9999,27.2,0.742,101.236,-9999,-9999,8.3,149.8
201405131945,-6,3.593,26390.78089,-10.72,-9999,-74.85,-9999,27.2,0.75,101.263,-9999,-9999,7.5,148
201405132000,-6,3.547,26201.6659,-10.76,-9999,-75.13,-9999,27.2,0.744,101.286,-9999,-9999,7.7,145.3
201405132015,-6,3.5,26359.26362,-10.74,-9999,-74.97,-9999,27.19,0.75,101.281,-9999,-9999,8.1,147
201405132030,-6,3.454,26107.09816,-10.78,-9999,-75.24,-9999,27.17,0.74,101.273,-9999,-9999,7.6,138.4
201405132045,-6,3.407,25980.99722,-10.81,-9999,-75.42,-9999,27.18,0.738,101.293,-9999,-9999,7.4,139.4
201405132100,-6,3.36,26690.15712,-10.68,-9999,-74.49,-9999,27.09,0.763,101.307,-9999,-9999,7,137.7
201405132115,-6,3.313,26501.08536,-10.71,-9999,-74.65,-9999,27,0.76,101.301,-9999,-9999,7,141.3
201405132130,-6,3.266,26485.32815,-10.73,-9999,-74.71,-9999,27,0.761,101.304,-9999,-9999,7,142.1
201405132145,-6,3.219,26422.2974,-10.76,-9999,-74.89,-9999,27,0.76,101.3,-9999,-9999,7.3,143.8
201405132200,-6,3.172,26422.2974,-10.76,-9999,-74.95,-9999,27,0.761,101.3,-9999,-9999,7.3,145.9
201405132215,-6,3.125,26091.33621,-10.81,-9999,-75.34,-9999,26.93,0.752,101.299,-9999,-9999,6.8,139
201405132230,-6,3.077,26107.09816,-10.8,-9999,-75.28,-9999,26.9,0.752,101.285,-9999,-9999,6.8,145.9
201405132245,-6,3.029,25902.17796,-10.84,-9999,-75.61,-9999,26.9,0.747,101.273,-9999,-9999,6.8,142.6
201405132300,-6,2.983,26343.5047,-10.74,-9999,-74.91,-9999,26.84,0.766,101.274,-9999,-9999,5.9,150.1
201405132315,-6,2.936,26453.81315,-10.68,-9999,-74.64,-9999,26.8,0.768,101.276,-9999,-9999,6.5,151.3
201405132330,-6,2.889,26280.46713,-10.72,-9999,-74.88,-9999,26.79,0.765,101.261,-9999,-9999,5.9,151.9
201405132345,-6,2.843,26438.05537,-10.7,-9999,-74.7,-9999,26.71,0.772,101.241,-9999,-9999,6.5,154
201405140000,-6,2.798,26406.53924,-10.69,-9999,-74.72,-9999,26.7,0.772,101.244,-9999,-9999,6.6,150.3
201405140015,-6,2.753,26296.22681,-10.71,-9999,-74.98,-9999,26.7,0.77,101.242,-9999,-9999,6.7,153.5
201405140030,-6,2.707,26784.68276,-10.57,-9999,-74.19,-9999,26.61,0.786,101.224,-9999,-9999,6.8,155
201405140045,-6,2.662,26375.02235,-10.69,-9999,-74.77,-9999,26.53,0.776,101.21,-9999,-9999,6.5,160.8
201405140100,-6,2.617,26217.42653,-10.72,-9999,-75.07,-9999,26.54,0.773,101.204,-9999,-9999,6.4,159.3
201405140115,-6,2.571,26721.66642,-10.62,-9999,-74.35,-9999,26.52,0.787,101.179,-9999,-9999,7,165.7
201405140130,-6,2.525,26280.46713,-10.68,-9999,-74.86,-9999,26.48,0.776,101.168,-9999,-9999,7,163.8
201405140145,-6,2.479,26485.32815,-10.67,-9999,-74.64,-9999,26.44,0.786,101.146,-9999,-9999,6.6,163.3
201405140200,-6,2.433,26154.38288,-10.7,-9999,-75.1,-9999,26.4,0.776,101.14,-9999,-9999,6,158.6
201405140215,-6,2.387,26248.94721,-10.7,-9999,-74.99,-9999,26.4,0.779,101.141,-9999,-9999,5,151.1
201405140230,-6,2.341,26311.9863,-10.69,-9999,-74.73,-9999,26.4,0.782,101.123,-9999,-9999,5,153.9
201405140245,-6,2.295,26359.26362,-10.66,-9999,-74.55,-9999,26.4,0.783,101.108,-9999,-9999,4.8,155.2
201405140300,-6,2.251,26170.14408,-10.69,-9999,-74.9,-9999,26.4,0.778,101.104,-9999,-9999,4.3,152.2
201405140315,-6,2.206,26280.46713,-10.64,-9999,-74.7,-9999,26.4,0.78,101.112,-9999,-9999,3.8,152.8
201405140330,-6,2.161,26154.38288,-10.69,-9999,-74.8,-9999,26.4,0.777,101.119,-9999,-9999,4.5,156.3
201405140345,-6,2.117,26059.81173,-10.68,-9999,-74.75,-9999,26.37,0.776,101.125,-9999,-9999,4.5,158.2
201405140400,-6,2.072,25586.85351,-10.77,-9999,-75.63,-9999,26.39,0.763,101.146,-9999,-9999,4,149.4
201405140415,-6,2.027,3166426.693,-9999,-9999,-9999,-9999,26.4,0.777,101.147,-9999,-9999,4.4,156.3
201405140430,-6,1.982,3166426.693,-9999,-9999,-9999,-9999,26.31,0.777,101.159,-9999,-9999,4.3,155.2
201405140445,-6,1.937,3166426.693,-9999,-9999,-9999,-9999,26.32,0.769,101.177,-9999,-9999,4.6,155.6
201405140500,-6,1.893,25760.29135,-10.78,-9999,-75.77,-9999,26.32,0.773,101.196,-9999,-9999,5,163.2
201405140515,-6,1.849,25933.70624,-10.77,-9999,-75.38,-9999,26.33,0.774,101.217,-9999,-9999,5.2,168.7
201405140530,-6,1.805,25728.75891,-10.86,-9999,-75.86,-9999,26.34,0.768,101.221,-9999,-9999,5.7,165.6
201405140545,-6,1.759,25712.9924,-10.87,-9999,-76.01,-9999,26.33,0.767,101.246,-9999,-9999,5.1,165.7
201405140600,-6,1.714,25744.52522,-10.88,-9999,-75.98,-9999,26.38,0.766,101.263,-9999,-9999,5.6,165.2
201405140615,-6,1.667,25571.08529,-10.92,-9999,-76.33,-9999,26.4,0.762,101.26,-9999,-9999,6,164.9
201405140630,-6,1.62,25712.9924,-10.85,-9999,-75.97,-9999,26.4,0.765,101.264,-9999,-9999,6.5,165.3
201405140645,-6,1.575,25602.62153,-10.89,-9999,-76.19,-9999,26.45,0.759,101.284,-9999,-9999,7,160.7
201405140700,-6,1.529,25665.69174,-10.84,-9999,-75.93,-9999,26.56,0.754,101.303,-9999,-9999,7.1,158.1
201405140715,-6,1.484,25681.45881,-10.87,-9999,-76.01,-9999,26.6,0.752,101.327,-9999,-9999,6.7,156.5
201405140730,-6,1.44,26280.46713,-10.75,-9999,-75.16,-9999,26.6,0.772,101.34,-9999,-9999,7.5,156.5
201405140745,-6,1.396,25996.7605,-10.82,-9999,-75.59,-9999,26.67,0.761,101.345,-9999,-9999,8.7,158.8
201405140800,-6,1.352,25634.15701,-10.91,-9999,-76.19,-9999,26.73,0.747,101.355,-9999,-9999,8.6,158.9
201405140815,-6,1.307,26185.90508,-10.77,-9999,-75.13,-9999,26.76,0.763,101.373,-9999,-9999,8.1,161.4
201405140830,-6,1.262,25949.47009,-10.8,-9999,-75.32,-9999,26.73,0.757,101.385,-9999,-9999,8.7,161.5
201405140845,-6,1.217,25760.29135,-10.82,-9999,-75.39,-9999,26.8,0.747,101.397,-9999,-9999,9,161.9
201405140900,-6,1.173,26012.52359,-10.75,-9999,-74.74,-9999,26.8,0.753,101.39,-9999,-9999,8.4,162
201405140915,-6,1.128,25681.45881,-10.83,-9999,-75.2,-9999,26.81,0.746,101.388,-9999,-9999,8.7,163.3
201405140930,-6,1.083,25728.75891,-10.8,-9999,-74.95,-9999,26.86,0.744,101.38,-9999,-9999,9.5,166
201405140945,-6,1.038,25949.47009,-10.74,-9999,-74.4,-9999,26.88,0.751,101.396,-9999,-9999,9.7,166.1
201405141000,-6,0.993,25854.88414,-10.75,-9999,-74.43,-9999,26.9,0.748,101.39,-9999,-9999,9.8,168.4
201405141015,-6,0.948,25302.99658,-10.86,-9999,-75.24,-9999,26.92,0.731,101.384,-9999,-9999,9.7,165.4
201405141030,-6,0.903,25460.70247,-10.83,-9999,-74.88,-9999,27,0.733,101.359,-9999,-9999,9.4,165.2
201405141045,-6,0.858,25996.7605,-10.68,-9999,-73.83,-9999,26.99,0.746,101.35,-9999,-9999,9.2,164.6
201405141100,-6,0.813,25508.01053,-10.75,-9999,-74.17,-9999,27.07,0.73,101.34,-9999,-9999,10,164.1
201405141115,-6,0.769,25318.76802,-10.78,-9999,-74.52,-9999,27.09,0.722,101.326,-9999,-9999,10,163.4
201405141130,-6,0.723,25634.15701,-10.79,-9999,-74.45,-9999,27.1,0.731,101.304,-9999,-9999,10.4,166.1
201405141145,-6,0.678,25492.24137,-10.81,-9999,-74.64,-9999,27.1,0.729,101.278,-9999,-9999,10.5,168.2
201405141200,-6,0.633,25807.5886,-10.76,-9999,-74.34,-9999,27.1,0.738,101.266,-9999,-9999,9.9,170.1
201405141215,-6,0.587,26028.2865,-10.74,-9999,-74.14,-9999,27.04,0.747,101.254,-9999,-9999,9.9,166.1
201405141230,-6,0.541,25917.9422,-10.72,-9999,-74.19,-9999,27.12,0.739,101.265,-9999,-9999,9.3,161.1
201405141245,-6,0.495,26185.90508,-10.69,-9999,-73.82,-9999,27.14,0.746,101.259,-9999,-9999,9.4,161.3
201405141300,-6,0.45,26390.78089,-10.63,-9999,-73.46,-9999,27.18,0.75,101.247,-9999,-9999,9.3,162.2
201405141315,-6,0.404,26438.05537,-10.6,-9999,-73.42,-9999,27.18,0.752,101.207,-9999,-9999,9.9,164.8
201405141330,-6,0.358,26107.09816,-10.66,-9999,-73.67,-9999,27.2,0.741,101.168,-9999,-9999,10.3,171.1
201405141345,-6,0.313,25965.23375,-10.65,-9999,-73.73,-9999,27.21,0.735,101.16,-9999,-9999,9.9,171.6
201405141400,-6,0.266,26138.6215,-10.57,-9999,-73.22,-9999,27.3,0.738,101.153,-9999,-9999,9.9,172.7
201405141415,-6,0.22,26296.22681,-10.53,-9999,-72.9,-9999,27.3,0.743,101.138,-9999,-9999,9.9,171.7
201405141430,-6,0.176,26406.53924,-10.49,-9999,-72.52,-9999,27.26,0.747,101.131,-9999,-9999,10.6,172.6
201405141445,-6,0.132,26138.6215,-10.48,-9999,-72.61,-9999,27.2,0.74,101.118,-9999,-9999,11,171
201405141500,-6,0.087,26327.7456,-10.49,-9999,-72.55,-9999,27.2,0.747,101.12,-9999,-9999,10.4,166.9
201405141515,-6,0.043,26989.46491,-10.34,-9999,-71.85,-9999,27.2,0.764,101.127,-9999,-9999,9.5,162.6
201405141530,-6,-0.002,27257.20863,-10.29,-9999,-71.53,-9999,27.21,0.771,101.122,-9999,-9999,9.2,153.5
201405141545,-6,-0.046,27335.94636,-10.23,-9999,-71.38,-9999,27.3,0.771,101.114,-9999,-9999,10.5,165.1
201405141600,-6,-0.091,27461.91688,-10.2,-9999,-71.17,-9999,27.3,0.775,101.131,-9999,-9999,10.1,166.5
201405141615,-6,-0.136,27257.20863,-10.25,-9999,-71.52,-9999,27.23,0.769,101.151,-9999,-9999,9.5,161.1
201405141630,-6,-0.18,26847.69606,-10.34,-9999,-71.95,-9999,27.26,0.759,101.164,-9999,-9999,9.4,160.5
201405141645,-6,-0.225,26579.86858,-10.41,-9999,-72.33,-9999,27.25,0.752,101.169,-9999,-9999,8.9,160.7
201405141700,-6,-0.269,26170.14408,-10.48,-9999,-72.8,-9999,27.24,0.74,101.156,-9999,-9999,9.5,163.3
201405141715,-6,-0.314,26201.6659,-10.46,-9999,-72.66,-9999,27.25,0.741,101.18,-9999,-9999,9.7,165.1
201405141730,-6,-0.359,25886.41354,-10.52,-9999,-72.92,-9999,27.2,0.732,101.175,-9999,-9999,9.7,165.9
201405141745,-6,-0.403,3166426.693,-9999,-9999,-9999,-9999,27.2,0.739,101.162,-9999,-9999,10,166.6
201405141800,-6,-0.448,3166426.693,-9999,-9999,-9999,-9999,27.2,0.734,101.173,-9999,-9999,9.9,168.4
201405141815,-6,-0.493,3166426.693,-9999,-9999,-9999,-9999,27.2,0.73,101.186,-9999,-9999,9.5,168.9
201405141830,-6,-0.539,25460.70247,-10.67,-9999,-73.78,-9999,27.26,0.723,101.191,-9999,-9999,9.3,173.4
201405141845,-6,-0.584,25681.45881,-10.63,-9999,-73.49,-9999,27.29,0.728,101.193,-9999,-9999,9.8,173.9
201405141900,-6,-0.628,26044.04921,-10.58,-9999,-73.3,-9999,27.2,0.739,101.205,-9999,-9999,10.4,172.3
201405141915,-6,-0.673,26453.81315,-10.51,-9999,-72.9,-9999,27.2,0.751,101.223,-9999,-9999,9.6,169.9
201405141930,-6,-0.716,26343.5047,-10.48,-9999,-72.92,-9999,27.2,0.747,101.25,-9999,-9999,9,168.1
201405141945,-6,-0.76,26516.84238,-10.47,-9999,-72.72,-9999,27.2,0.753,101.276,-9999,-9999,8.1,169.1
201405142000,-6,-0.803,26438.05537,-10.47,-9999,-72.98,-9999,27.24,0.749,101.297,-9999,-9999,8.1,168.3
201405142015,-6,-0.846,26721.66642,-10.44,-9999,-72.8,-9999,27.21,0.759,101.295,-9999,-9999,8.8,172.2
201405142030,-6,-0.89,26816.18979,-10.4,-9999,-72.63,-9999,27.2,0.764,101.291,-9999,-9999,9.3,169.4
201405142045,-6,-0.934,26516.84238,-10.46,-9999,-72.9,-9999,27.2,0.753,101.314,-9999,-9999,9.3,164
201405142100,-6,-0.978,26501.08536,-10.48,-9999,-72.9,-9999,27.12,0.757,101.313,-9999,-9999,9.4,163.1
201405142115,-6,-1.022,26122.85992,-10.55,-9999,-73.35,-9999,27.1,0.746,101.31,-9999,-9999,9.2,158.3
201405142130,-6,-1.066,26091.33621,-10.57,-9999,-73.46,-9999,27.14,0.742,101.312,-9999,-9999,9,159.4
201405142145,-6,-1.113,26075.57406,-10.57,-9999,-73.4,-9999,27.1,0.746,101.319,-9999,-9999,8.9,157.9
201405142200,-6,-1.159,26280.46713,-10.51,-9999,-73.05,-9999,27.1,0.75,101.317,-9999,-9999,9.2,156.9
201405142215,-6,-1.204,26406.53924,-10.47,-9999,-72.82,-9999,27.02,0.757,101.307,-9999,-9999,9.2,160.2
201405142230,-6,-1.249,26122.85992,-10.53,-9999,-73.21,-9999,27.02,0.75,101.31,-9999,-9999,9.1,160.5
201405142245,-6,-1.293,25996.7605,-10.56,-9999,-73.4,-9999,27.04,0.744,101.309,-9999,-9999,9.2,158.5
201405142300,-6,-1.338,26737.42079,-10.41,-9999,-72.44,-9999,27,0.768,101.309,-9999,-9999,9.2,158.8
201405142315,-6,-1.382,26753.17497,-10.41,-9999,-72.35,-9999,26.92,0.769,101.32,-9999,-9999,9.5,160.4
201405142330,-6,-1.427,26595.62465,-10.44,-9999,-72.6,-9999,26.94,0.767,101.314,-9999,-9999,8.9,157.5
201405142345,-6,-1.471,26107.09816,-10.53,-9999,-73.15,-9999,26.96,0.75,101.312,-9999,-9999,9,158.6
201405150000,-6,-1.515,26107.09816,-10.56,-9999,-73.23,-9999,26.9,0.753,101.301,-9999,-9999,9,160.9
201405150015,-6,-1.56,26485.32815,-10.49,-9999,-72.69,-9999,26.9,0.768,101.311,-9999,-9999,9.1,164.8
201405150030,-6,-1.604,26122.85992,-10.57,-9999,-73.12,-9999,26.82,0.756,101.296,-9999,-9999,9.3,165.2
201405150045,-6,-1.648,26012.52359,-10.59,-9999,-73.24,-9999,26.82,0.756,101.288,-9999,-9999,8.7,168.9
201405150100,-6,-1.692,25902.17796,-10.63,-9999,-73.51,-9999,26.8,0.751,101.273,-9999,-9999,8.5,170.5
201405150115,-6,-1.735,25933.70624,-10.64,-9999,-73.62,-9999,26.79,0.756,101.261,-9999,-9999,9.4,166.6
201405150130,-6,-1.779,25602.62153,-10.72,-9999,-74.17,-9999,26.76,0.746,101.238,-9999,-9999,8.9,164.6
201405150145,-6,-1.822,25697.2257,-10.72,-9999,-74.11,-9999,26.77,0.748,101.23,-9999,-9999,8.9,166.4
201405150200,-6,-1.865,25397.62239,-10.78,-9999,-74.7,-9999,26.7,0.74,101.219,-9999,-9999,8.4,162.9
201405150215,-6,-1.908,25965.23375,-10.69,-9999,-74.03,-9999,26.7,0.757,101.21,-9999,-9999,8,162.1
201405150230,-6,-1.953,25839.11915,-10.7,-9999,-74.19,-9999,26.65,0.756,101.2,-9999,-9999,7.7,154.1
201405150245,-6,-1.997,25602.62153,-10.74,-9999,-74.39,-9999,26.7,0.747,101.186,-9999,-9999,7.9,149.3
201405150300,-6,-2.041,25649.92447,-10.73,-9999,-74.35,-9999,26.7,0.748,101.175,-9999,-9999,8.1,150.7
201405150315,-6,-2.086,25586.85351,-10.77,-9999,-74.55,-9999,26.69,0.747,101.176,-9999,-9999,8,147.5
201405150330,-6,-2.13,25980.99722,-10.66,-9999,-73.89,-9999,26.6,0.761,101.161,-9999,-9999,8.1,150.7
201405150345,-6,-2.174,25776.05729,-10.68,-9999,-74.14,-9999,26.65,0.754,101.149,-9999,-9999,8.1,152.5
201405150400,-6,-2.218,25413.39269,-10.76,-9999,-74.77,-9999,26.6,0.743,101.15,-9999,-9999,7.8,146.2
201405150415,-6,-2.261,25681.45881,-10.71,-9999,-74.36,-9999,26.6,0.754,101.15,-9999,-9999,7.6,145.1
201405150430,-6,-2.305,25728.75891,-10.69,-9999,-74.06,-9999,26.6,0.756,101.15,-9999,-9999,7.8,143.4
201405150445,-6,-2.348,25965.23375,-10.64,-9999,-73.77,-9999,26.6,0.76,101.152,-9999,-9999,7.6,140
201405150500,-6,-2.392,25980.99722,-10.64,-9999,-73.84,-9999,26.65,0.759,101.165,-9999,-9999,8.3,141.7
201405150515,-6,-2.435,25697.2257,-10.75,-9999,-74.4,-9999,26.7,0.75,101.187,-9999,-9999,8.1,142.1
201405150530,-6,-2.48,25712.9924,-10.75,-9999,-74.51,-9999,26.67,0.751,101.198,-9999,-9999,7.7,141
201405150545,-6,-2.525,25381.8519,-10.86,-9999,-75.07,-9999,26.63,0.741,101.209,-9999,-9999,8,142.5
201405150600,-6,-2.569,25728.75891,-10.79,-9999,-74.67,-9999,26.67,0.754,101.213,-9999,-9999,7.9,146.6
201405150615,-6,-2.613,25760.29135,-10.8,-9999,-74.74,-9999,26.62,0.753,101.252,-9999,-9999,8.2,147.4
201405150630,-6,-2.658,26028.2865,-10.71,-9999,-74.19,-9999,26.62,0.761,101.27,-9999,-9999,8.2,148.4
201405150645,-6,-2.703,25665.69174,-10.8,-9999,-74.68,-9999,26.67,0.748,101.268,-9999,-9999,8.2,145.3
201405150700,-6,-2.747,25476.47201,-10.87,-9999,-75.13,-9999,26.72,0.742,101.266,-9999,-9999,8.3,144.4
201405150715,-6,-2.792,25366.08121,-10.89,-9999,-75.48,-9999,26.7,0.74,101.29,-9999,-9999,8.2,143.8
201405150730,-6,-2.837,25571.08529,-10.87,-9999,-75.19,-9999,26.7,0.744,101.29,-9999,-9999,8.2,144.1
201405150745,-6,-2.881,25744.52522,-10.82,-9999,-74.84,-9999,26.71,0.75,101.304,-9999,-9999,8.1,139.6
201405150800,-6,-2.926,26044.04921,-10.76,-9999,-74.46,-9999,26.79,0.757,101.298,-9999,-9999,8.2,137.9
201405150815,-6,-2.973,26122.85992,-10.75,-9999,-74.47,-9999,26.78,0.758,101.306,-9999,-9999,8.6,134.3
201405150830,-6,-3.023,26028.2865,-10.76,-9999,-74.68,-9999,26.72,0.757,101.333,-9999,-9999,8.3,133.7
201405150845,-6,-3.073,26343.5047,-10.69,-9999,-74.23,-9999,26.73,0.768,101.353,-9999,-9999,7.8,134.9
201405150900,-6,-3.123,26485.32815,-10.66,-9999,-74.22,-9999,26.7,0.773,101.358,-9999,-9999,8.3,139
201405150915,-6,-3.172,26469.57075,-10.67,-9999,-74.28,-9999,26.7,0.774,101.349,-9999,-9999,8.5,139.7
201405150930,-6,-3.22,26311.9863,-10.7,-9999,-74.47,-9999,26.79,0.767,101.344,-9999,-9999,9,140.4
201405150945,-6,-3.267,26248.94721,-10.65,-9999,-74.27,-9999,26.75,0.764,101.349,-9999,-9999,8.9,142.4
201405151000,-6,-3.313,26296.22681,-10.65,-9999,-74.25,-9999,26.72,0.767,101.351,-9999,-9999,8.2,141.4
201405151015,-6,-3.357,26170.14408,-10.72,-9999,-74.67,-9999,26.73,0.763,101.346,-9999,-9999,8.2,142.6
201405151030,-6,-3.401,26296.22681,-10.67,-9999,-74.47,-9999,26.7,0.766,101.333,-9999,-9999,8.5,146.9
201405151045,-6,-3.446,26343.5047,-10.65,-9999,-74.3,-9999,26.7,0.768,101.332,-9999,-9999,8.9,154.1
201405151100,-6,-3.489,26122.85992,-10.68,-9999,-74.49,-9999,26.7,0.761,101.334,-9999,-9999,8.9,158.2
201405151115,-6,-3.533,25933.70624,-10.75,-9999,-74.86,-9999,26.7,0.757,101.306,-9999,-9999,8.8,158
201405151130,-6,-3.576,25791.82304,-10.79,-9999,-75.07,-9999,26.7,0.752,101.29,-9999,-9999,8.1,153.1
201405151145,-6,-3.619,25823.35397,-10.8,-9999,-74.99,-9999,26.7,0.751,101.263,-9999,-9999,8.4,151.5
201405151200,-6,-3.664,25681.45881,-10.86,-9999,-75.35,-9999,26.73,0.746,101.251,-9999,-9999,8,145.6
201405151215,-6,-3.708,25870.64893,-10.81,-9999,-75.04,-9999,26.71,0.756,101.234,-9999,-9999,8.5,148.5
201405151230,-6,-3.752,25665.69174,-10.83,-9999,-75.2,-9999,26.7,0.749,101.211,-9999,-9999,8,141.1
201405151245,-6,-3.797,3166426.693,-9999,-9999,-9999,-9999,26.71,0.742,101.181,-9999,-9999,8.1,139.4
201405151300,-6,-3.842,3166426.693,-9999,-9999,-9999,-9999,26.71,0.746,101.163,-9999,-9999,7.5,139
201405151315,-6,-3.888,3166426.693,-9999,-9999,-9999,-9999,26.7,0.745,101.148,-9999,-9999,7.6,141.4
201405151330,-6,-3.934,25508.01053,-10.89,-9999,-75.34,-9999,26.7,0.743,101.136,-9999,-9999,7.7,141.1
201405151345,-6,-3.976,25397.62239,-10.91,-9999,-75.28,-9999,26.71,0.74,101.134,-9999,-9999,7.3,142.3
201405151400,-6,-3.995,25113.72445,-10.94,-9999,-75.54,-9999,26.85,0.727,101.117,-9999,-9999,7.1,141.1
201405151415,-6.001,-3.998,25003.30308,-10.91,-9999,-75.32,-9999,27,0.717,101.106,-9999,-9999,6.8,139.8
201405151430,-6,-3.999,25318.76802,-10.86,-9999,-74.79,-9999,27.46,0.709,101.087,-9999,-9999,6.4,145.9
201405151445,-6.001,-3.998,25302.99658,-10.85,-9999,-74.74,-9999,27.5,0.708,101.074,-9999,-9999,6.5,143.7
201405151500,-6.001,-3.997,25776.05729,-10.71,-9999,-73.9,-9999,27.3,0.728,101.062,-9999,-9999,8.1,157.3
201405151515,-6,-3.996,25807.5886,-10.69,-9999,-73.66,-9999,27.21,0.732,101.043,-9999,-9999,8.5,151
201405151530,-5.999,-3.995,25634.15701,-10.73,-9999,-73.76,-9999,27.3,0.722,101.038,-9999,-9999,8.1,149.8
201405151545,-5.998,-3.996,25776.05729,-10.74,-9999,-73.84,-9999,27.13,0.737,101.031,-9999,-9999,7.5,148.5
201405151600,-5.975,-4.001,26012.52359,-10.66,-9999,-73.52,-9999,27.62,0.722,101.056,-9999,-9999,7.4,141.3
201405151615,-5.944,-4,25870.64893,-10.69,-9999,-73.56,-9999,27.58,0.719,101.061,-9999,-9999,7.7,136.6
201405151630,-5.912,-4,25996.7605,-10.66,-9999,-73.43,-9999,27.93,0.71,101.066,-9999,-9999,7.7,133.5
201405151645,-5.88,-4,25807.5886,-10.72,-9999,-73.64,-9999,27.92,0.704,101.078,-9999,-9999,7.8,129.3
201405151700,-5.849,-4,25697.2257,-10.74,-9999,-73.75,-9999,28.14,0.692,101.075,-9999,-9999,7.1,131
201405151715,-5.817,-4,25996.7605,-10.71,-9999,-73.49,-9999,28.1,0.702,101.07,-9999,-9999,7,130.6
201405151730,-5.785,-4,26107.09816,-10.69,-9999,-73.38,-9999,27.89,0.715,101.074,-9999,-9999,7.5,130.4
201405151745,-5.752,-4,25965.23375,-10.7,-9999,-73.6,-9999,27.49,0.726,101.084,-9999,-9999,7.6,134.5
201405151800,-5.72,-4,25980.99722,-10.68,-9999,-73.5,-9999,27.24,0.737,101.099,-9999,-9999,7.6,133.8
201405151815,-5.688,-4,26091.33621,-10.7,-9999,-73.67,-9999,27.04,0.747,101.108,-9999,-9999,7.5,133.2
201405151830,-5.656,-4,26406.53924,-10.65,-9999,-73.39,-9999,27,0.758,101.125,-9999,-9999,8.1,128.1
201405151845,-5.623,-4,26390.78089,-10.7,-9999,-73.65,-9999,26.94,0.761,101.142,-9999,-9999,7.4,128.9
201405151900,-5.591,-4,26375.02235,-10.68,-9999,-73.7,-9999,26.9,0.763,101.143,-9999,-9999,7.4,132
201405151915,-5.558,-4,26658.64706,-10.64,-9999,-73.41,-9999,26.97,0.768,101.164,-9999,-9999,7.3,124.5
201405151930,-5.526,-4.001,26532.59922,-10.7,-9999,-73.76,-9999,27.01,0.762,101.176,-9999,-9999,8.6,127.1
201405151945,-5.513,-3.995,25917.9422,-10.8,-9999,-74.29,-9999,26.86,0.752,101.19,-9999,-9999,8.7,132
201405152000,-5.516,-3.983,25571.08529,-10.86,-9999,-74.55,-9999,26.8,0.743,101.205,-9999,-9999,8.3,137.8
201405152015,-5.515,-3.98,25366.08121,-10.89,-9999,-74.71,-9999,26.81,0.736,101.213,-9999,-9999,8.1,140
201405152030,-5.514,-3.978,25492.24137,-10.87,-9999,-74.56,-9999,26.8,0.741,101.219,-9999,-9999,8.3,138.9
201405152045,-5.513,-3.976,25003.30308,-10.95,-9999,-75.15,-9999,26.8,0.727,101.227,-9999,-9999,8.6,140
201405152100,-5.511,-3.974,24987.52784,-10.96,-9999,-75.13,-9999,26.8,0.727,101.238,-9999,-9999,8.3,138.8
201405152115,-5.51,-3.971,24514.18227,-10.98,-9999,-75.29,-9999,26.8,0.713,101.249,-9999,-9999,8.2,140
201405152130,-5.509,-3.967,25050.62767,-10.94,-9999,-74.86,-9999,26.8,0.73,101.256,-9999,-9999,8.2,141.6
201405152145,-5.491,-3.967,25807.5886,-10.79,-9999,-74.01,-9999,26.78,0.75,101.275,-9999,-9999,7,143.1
201405152200,-5.461,-3.974,25996.7605,-10.77,-9999,-73.85,-9999,26.72,0.757,101.27,-9999,-9999,6.6,139.1
201405152215,-5.431,-3.98,25665.69174,-10.83,-9999,-74.21,-9999,26.73,0.746,101.27,-9999,-9999,7.3,141.7
201405152230,-5.401,-3.987,25397.62239,-10.86,-9999,-74.52,-9999,26.73,0.737,101.268,-9999,-9999,6.8,146.8
201405152245,-5.371,-3.993,25413.39269,-10.9,-9999,-74.69,-9999,26.74,0.737,101.27,-9999,-9999,7,144.3
201405152300,-5.34,-3.999,25129.49817,-11,-9999,-75.34,-9999,26.84,0.727,101.265,-9999,-9999,7.5,143.9
201405152315,-5.309,-4,25571.08529,-10.92,-9999,-74.85,-9999,26.9,0.739,101.251,-9999,-9999,6.6,147.8
201405152330,-5.277,-4,25870.64893,-10.84,-9999,-74.5,-9999,26.88,0.746,101.245,-9999,-9999,7.3,153.8
201405152345,-5.244,-4,26327.7456,-10.81,-9999,-74.18,-9999,26.9,0.759,101.239,-9999,-9999,7.1,150
201405160000,-5.211,-4,26170.14408,-10.84,-9999,-74.35,-9999,26.9,0.757,101.224,-9999,-9999,7,146.6
201405160015,-5.178,-4,26170.14408,-10.8,-9999,-74.51,-9999,26.87,0.752,101.206,-9999,-9999,7.3,150.4
201405160030,-5.144,-4,3166426.693,-9999,-9999,-9999,-9999,26.92,0.749,101.191,-9999,-9999,7.4,141.3
201405160045,-5.111,-4,3166426.693,-9999,-9999,-9999,-9999,26.9,0.752,101.176,-9999,-9999,6.8,143.7
201405160100,-5.079,-4,26233.18696,-10.74,-9999,-74.35,-9999,26.88,0.758,101.162,-9999,-9999,6.8,151
201405160115,-5.046,-4,25933.70624,-10.86,-9999,-74.78,-9999,26.79,0.754,101.142,-9999,-9999,7,149.8
201405160130,-5.015,-4.001,25854.88414,-10.92,-9999,-74.95,-9999,26.71,0.751,101.131,-9999,-9999,7.3,149.9
201405160145,-5.004,-4,25649.92447,-10.93,-9999,-74.99,-9999,26.68,0.75,101.118,-9999,-9999,8.5,153.4
201405160200,-5.003,-3.998,25760.29135,-10.92,-9999,-74.83,-9999,26.67,0.755,101.114,-9999,-9999,8,154.3
201405160215,-5.003,-3.995,25697.2257,-10.97,-9999,-75.32,-9999,26.68,0.751,101.089,-9999,-9999,8,149.1
201405160230,-5.002,-3.992,25208.36393,-11.06,-9999,-76.04,-9999,26.69,0.737,101.07,-9999,-9999,8.7,146.2
201405160245,-5.002,-3.99,24813.98765,-11.15,-9999,-76.47,-9999,26.69,0.728,101.054,-9999,-9999,8.7,148.8
201405160300,-5.002,-3.987,24703.54102,-11.19,-9999,-76.6,-9999,26.7,0.721,101.035,-9999,-9999,8.4,148.5
201405160315,-5.002,-3.984,25066.40215,-11.1,-9999,-75.98,-9999,26.7,0.731,101.02,-9999,-9999,8.2,149.9
201405160330,-4.991,-3.991,24940.20098,-11.11,-9999,-76.16,-9999,26.7,0.728,101.024,-9999,-9999,6.5,154.6
201405160345,-4.96,-3.998,25508.01053,-11.01,-9999,-75.39,-9999,26.7,0.742,101.027,-9999,-9999,6.7,154.5
201405160400,-4.928,-4,25492.24137,-10.96,-9999,-75.08,-9999,26.68,0.742,101.029,-9999,-9999,6.9,155.8
201405160415,-4.895,-4,25571.08529,-10.94,-9999,-74.87,-9999,26.7,0.744,101.013,-9999,-9999,6.7,154.4
201405160430,-4.863,-4,25665.69174,-10.9,-9999,-74.67,-9999,26.7,0.747,101.011,-9999,-9999,6.7,157.1
201405160445,-4.829,-4,25760.29135,-10.83,-9999,-74.39,-9999,26.67,0.75,101.019,-9999,-9999,6.5,160.4
201405160500,-4.796,-4,25397.62239,-10.9,-9999,-74.63,-9999,26.67,0.741,101.023,-9999,-9999,6.5,158.2
201405160515,-4.763,-4,25602.62153,-10.84,-9999,-74.28,-9999,26.67,0.743,101.03,-9999,-9999,7,159.4
201405160530,-4.73,-4,25744.52522,-10.84,-9999,-74.17,-9999,26.68,0.749,101.036,-9999,-9999,6.5,161
201405160545,-4.697,-4,25933.70624,-10.82,-9999,-73.9,-9999,26.7,0.755,101.047,-9999,-9999,5.9,156.3
201405160600,-4.664,-4,26107.09816,-10.78,-9999,-73.72,-9999,26.7,0.758,101.064,-9999,-9999,6.2,159.6
201405160615,-4.632,-4,26264.70727,-10.74,-9999,-73.61,-9999,26.7,0.764,101.083,-9999,-9999,6.1,155.2
201405160630,-4.6,-4,26343.5047,-10.73,-9999,-73.37,-9999,26.82,0.762,101.1,-9999,-9999,6.3,155.6
201405160645,-4.568,-4,25744.52522,-10.81,-9999,-73.94,-9999,26.91,0.742,101.106,-9999,-9999,5.9,158.5
201405160700,-4.537,-4,25917.9422,-10.78,-9999,-73.82,-9999,27.18,0.737,101.122,-9999,-9999,5.8,155.1
201405160715,-4.507,-4.004,26044.04921,-10.77,-9999,-73.77,-9999,27.43,0.728,101.134,-9999,-9999,5.4,150.6
201405160730,-4.497,-4.002,25539.54829,-10.82,-9999,-74.1,-9999,27.49,0.713,101.134,-9999,-9999,7.1,150.1
201405160745,-4.498,-4,25571.08529,-10.83,-9999,-74.01,-9999,27.65,0.708,101.156,-9999,-9999,6.1,141.8
201405160800,-4.497,-3.999,25917.9422,-10.77,-9999,-73.5,-9999,27.81,0.712,101.185,-9999,-9999,6.3,145.2
201405160815,-4.494,-3.999,26248.94721,-10.7,-9999,-73.05,-9999,27.93,0.716,101.203,-9999,-9999,5.2,145.3
201405160830,-4.492,-3.998,26327.7456,-10.66,-9999,-72.85,-9999,28.1,0.712,101.212,-9999,-9999,5.8,144.2
201405160845,-4.489,-3.998,26170.14408,-10.69,-9999,-72.91,-9999,28.09,0.708,101.227,-9999,-9999,5.6,145.4
201405160900,-4.488,-3.997,25791.82304,-10.65,-9999,-73.13,-9999,27.87,0.705,101.226,-9999,-9999,5.7,156.2
201405160915,-4.472,-3.999,25586.85351,-10.68,-9999,-73.29,-9999,28.09,0.692,101.226,-9999,-9999,5.1,169.9
201405160930,-4.442,-4,25902.17796,-10.68,-9999,-73.33,-9999,28.34,0.692,101.22,-9999,-9999,5.2,166.2
201405160945,-4.412,-4,26422.2974,-10.59,-9999,-72.81,-9999,27.93,0.72,101.22,-9999,-9999,5.1,172.3
201405161000,-4.383,-4,26611.38054,-10.57,-9999,-72.54,-9999,28.01,0.721,101.213,-9999,-9999,5.3,166.7
201405161015,-4.352,-4,26564.11231,-10.59,-9999,-72.56,-9999,27.99,0.721,101.204,-9999,-9999,6,163.7
201405161030,-4.321,-4,26690.15712,-10.56,-9999,-72.32,-9999,28.16,0.717,101.187,-9999,-9999,5.9,159.5
201405161045,-4.291,-4,26453.81315,-10.58,-9999,-72.33,-9999,28.26,0.708,101.18,-9999,-9999,5.6,156.3
201405161100,-4.259,-4,26154.38288,-10.6,-9999,-72.48,-9999,28.47,0.693,101.173,-9999,-9999,5.5,160
201405161115,-4.228,-4,26469.57075,-10.56,-9999,-72.23,-9999,28.43,0.703,101.157,-9999,-9999,5.7,161.8
201405161130,-4.197,-4,26564.11231,-10.55,-9999,-72.22,-9999,28.55,0.698,101.144,-9999,-9999,5.7,154.3
201405161145,-4.166,-4,26753.17497,-10.51,-9999,-72.08,-9999,28.88,0.692,101.129,-9999,-9999,6,158.2
201405161200,-4.135,-4,26564.11231,-10.55,-9999,-72.22,-9999,28.93,0.686,101.121,-9999,-9999,5.7,159.6
201405161215,-4.104,-4,27257.20863,-10.46,-9999,-71.7,-9999,28.98,0.701,101.109,-9999,-9999,5.9,158.3
201405161230,-4.074,-4,26642.89174,-10.53,-9999,-72.01,-9999,28.88,0.689,101.088,-9999,-9999,6,154.7
201405161245,-4.043,-4,26768.92896,-10.52,-9999,-71.97,-9999,29.22,0.682,101.071,-9999,-9999,5.9,155.9
201405161300,-4.016,-4.002,26501.08536,-10.55,-9999,-72.15,-9999,28.46,0.703,101.054,-9999,-9999,6.9,157.7
201405161315,-4.006,-4.001,26296.22681,-10.56,-9999,-72.1,-9999,28.35,0.699,101.021,-9999,-9999,7.3,156.4
201405161330,-4.008,-3.998,26910.70634,-10.47,-9999,-71.68,-9999,28.35,0.716,100.987,-9999,-9999,7.5,159.8
201405161345,-4.009,-3.996,27288.70429,-10.39,-9999,-71.28,-9999,28.18,0.726,100.975,-9999,-9999,7.7,165.1
201405161400,-4.01,-3.993,3166426.693,-9999,-9999,-9999,-9999,28.13,0.723,100.96,-9999,-9999,6.9,164.5
201405161415,-4.011,-3.991,3166426.693,-9999,-9999,-9999,-9999,28.13,0.715,100.946,-9999,-9999,6.5,161.3
201405161430,-4.013,-3.989,27052.46836,-10.4,-9999,-71.59,-9999,28.12,0.729,100.926,-9999,-9999,6.8,166.3
201405161445,-4.013,-3.988,26800.43637,-10.45,-9999,-71.58,-9999,28.05,0.726,100.911,-9999,-9999,6.8,162.4
201405161500,-3.992,-3.996,26658.64706,-10.5,-9999,-71.76,-9999,28.42,0.707,100.899,-9999,-9999,6.2,162.3
201405161515,-3.961,-4,26469.57075,-10.5,-9999,-71.98,-9999,28.61,0.695,100.888,-9999,-9999,6,157.3
201405161530,-3.929,-4,26658.64706,-10.5,-9999,-71.85,-9999,28.77,0.694,100.887,-9999,-9999,6.1,157.6
201405161545,-3.898,-4,26642.89174,-10.51,-9999,-71.77,-9999,28.84,0.69,100.897,-9999,-9999,6.3,161.2
201405161600,-3.866,-4,26485.32815,-10.5,-9999,-71.72,-9999,28.94,0.68,100.894,-9999,-9999,6.2,160.1
201405161615,-3.834,-4,26784.68276,-10.46,-9999,-71.49,-9999,28.93,0.69,100.896,-9999,-9999,5.8,163.2
201405161630,-3.803,-4,26942.21033,-10.46,-9999,-71.52,-9999,28.84,0.697,100.9,-9999,-9999,6.2,159.5
201405161645,-3.772,-4,27383.18673,-10.38,-9999,-71.09,-9999,28.62,0.716,100.9,-9999,-9999,6.3,161.9
201405161700,-3.742,-4,27524.89759,-10.39,-9999,-71.07,-9999,28.66,0.719,100.896,-9999,-9999,6.1,160.2
201405161715,-3.711,-4,27603.61923,-10.33,-9999,-71,-9999,28.34,0.736,100.876,-9999,-9999,6.6,155.1
201405161730,-3.681,-4,27650.84993,-10.34,-9999,-70.99,-9999,27.94,0.752,100.883,-9999,-9999,6.5,157.5
201405161745,-3.651,-4,27792.53183,-10.32,-9999,-70.96,-9999,27.89,0.759,100.894,-9999,-9999,7.3,153.7
201405161800,-3.621,-4,27824.01461,-10.35,-9999,-70.84,-9999,27.89,0.759,100.909,-9999,-9999,6.8,132.1
201405161815,-3.59,-4,27650.84993,-10.41,-9999,-71.15,-9999,27.8,0.758,100.911,-9999,-9999,6.9,141.2
201405161830,-3.56,-4,27949.93817,-10.33,-9999,-70.74,-9999,27.8,0.768,100.919,-9999,-9999,7,141.7
201405161845,-3.53,-4,27572.13114,-10.37,-9999,-70.93,-9999,27.78,0.758,100.914,-9999,-9999,7.2,140.9
201405161900,-3.502,-4.004,27257.20863,-10.39,-9999,-71.18,-9999,27.67,0.753,100.927,-9999,-9999,7.1,141.3
201405161915,-3.498,-4,27052.46836,-10.41,-9999,-71.17,-9999,27.54,0.752,100.942,-9999,-9999,7.9,146.3
201405161930,-3.497,-3.998,27241.46051,-10.4,-9999,-71.17,-9999,27.57,0.754,100.968,-9999,-9999,7.9,137.9
201405161945,-3.495,-3.996,27776.79015,-10.3,-9999,-70.53,-9999,27.6,0.769,100.993,-9999,-9999,8.1,133.9
201405162000,-3.493,-3.994,26894.95405,-10.39,-9999,-71.15,-9999,27.57,0.747,101.01,-9999,-9999,8,136.6
201405162015,-3.492,-3.992,26705.91187,-10.44,-9999,-71.32,-9999,27.6,0.741,101.021,-9999,-9999,7.9,134
201405162030,-3.49,-3.99,27036.71778,-10.36,-9999,-71.04,-9999,27.6,0.748,101.038,-9999,-9999,7.7,134
201405162045,-3.489,-3.989,27493.40762,-10.3,-9999,-70.69,-9999,27.61,0.76,101.059,-9999,-9999,7.8,128.7
201405162100,-3.471,-3.992,27351.69334,-10.35,-9999,-70.87,-9999,27.7,0.755,101.096,-9999,-9999,6.9,133.2
201405162115,-3.441,-3.999,27619.36298,-10.37,-9999,-70.87,-9999,27.73,0.764,101.11,-9999,-9999,6.4,130.2
201405162130,-3.412,-3.999,27540.6423,-10.35,-9999,-70.78,-9999,27.75,0.761,101.121,-9999,-9999,6.2,121.2
201405162145,-3.383,-4,27178.46616,-10.41,-9999,-71.12,-9999,27.8,0.749,101.136,-9999,-9999,7,125.3
201405162200,-3.354,-4.001,27052.46836,-10.43,-9999,-71.26,-9999,27.8,0.745,101.148,-9999,-9999,7.2,124.3
201405162215,-3.325,-4.002,26973.71357,-10.45,-9999,-71.35,-9999,27.8,0.742,101.157,-9999,-9999,6.4,122.8
201405162230,-3.295,-4.003,26894.95405,-10.46,-9999,-71.31,-9999,27.72,0.742,101.149,-9999,-9999,5.5,118.5
201405162245,-3.266,-4.002,27005.21606,-10.46,-9999,-71.29,-9999,27.72,0.744,101.137,-9999,-9999,5.4,130.5
201405162300,-3.236,-4.001,27115.46877,-10.43,-9999,-71.22,-9999,27.73,0.748,101.123,-9999,-9999,5.1,122.5
201405162315,-3.206,-4,27414.67936,-10.41,-9999,-71.05,-9999,27.7,0.757,101.116,-9999,-9999,5.3,130.4
201405162330,-3.176,-3.998,27572.13114,-10.38,-9999,-70.86,-9999,27.7,0.762,101.104,-9999,-9999,5.7,129.2
201405162345,-3.146,-3.998,27225.71221,-10.44,-9999,-71.21,-9999,27.61,0.754,101.09,-9999,-9999,5.9,127.8
201405170000,-3.116,-3.998,27068.21875,-10.44,-9999,-71.34,-9999,27.61,0.749,101.075,-9999,-9999,6.3,129.8
201405170015,-3.087,-4.001,26910.70634,-10.47,-9999,-71.52,-9999,27.61,0.747,101.074,-9999,-9999,6.4,132.4
201405170030,-3.057,-4.003,27335.94636,-10.42,-9999,-71.2,-9999,27.6,0.759,101.056,-9999,-9999,6.1,130.3
201405170045,-3.028,-4.004,27383.18673,-10.43,-9999,-71.29,-9999,27.59,0.763,101.039,-9999,-9999,5.9,132.6
201405170100,-3.006,-4.005,27068.21875,-10.45,-9999,-71.46,-9999,27.5,0.755,101.02,-9999,-9999,6.2,132.3
201405170115,-3.005,-4.002,27461.91688,-10.4,-9999,-71.03,-9999,27.44,0.768,101.003,-9999,-9999,6.6,138.6
201405170130,-3.005,-3.999,26674.40218,-10.49,-9999,-71.75,-9999,27.4,0.748,100.997,-9999,-9999,6.5,138.9
201405170145,-3.005,-3.997,26894.95405,-10.51,-9999,-72.01,-9999,27.41,0.747,100.989,-9999,-9999,6.3,139.6
201405170200,-3.005,-3.995,3166426.693,-9999,-9999,-9999,-9999,27.41,0.751,100.975,-9999,-9999,6.4,143.3
201405170215,-3.005,-3.993,3166426.693,-9999,-9999,-9999,-9999,27.4,0.768,100.954,-9999,-9999,6.6,142
201405170230,-3.005,-3.991,27414.67936,-10.37,-9999,-71.69,-9999,27.4,0.768,100.94,-9999,-9999,6.9,144.7
201405170245,-3.006,-3.988,27414.67936,-10.43,-9999,-71.73,-9999,27.41,0.77,100.94,-9999,-9999,6.3,141.2
201405170300,-2.993,-3.994,27446.17123,-10.42,-9999,-71.7,-9999,27.46,0.768,100.941,-9999,-9999,5.6,141.7
201405170315,-2.962,-3.999,27855.49664,-10.4,-9999,-71.44,-9999,27.5,0.777,100.911,-9999,-9999,5.6,136.7
201405170330,-2.929,-4.002,27650.84993,-10.43,-9999,-71.57,-9999,27.47,0.773,100.907,-9999,-9999,4.8,140
201405170345,-2.895,-4.003,27729.56399,-10.44,-9999,-71.5,-9999,27.47,0.774,100.91,-9999,-9999,4.2,141.3
201405170400,-2.861,-4.001,28123.06328,-10.34,-9999,-71.12,-9999,27.5,0.785,100.915,-9999,-9999,3.8,128.7
201405170415,-2.827,-4,27666.59312,-10.43,-9999,-71.53,-9999,27.49,0.774,100.901,-9999,-9999,3.8,130
201405170430,-2.793,-4,27855.49664,-10.37,-9999,-71.34,-9999,27.5,0.778,100.9,-9999,-9999,3.5,139.8
201405170445,-2.759,-3.999,27446.17123,-10.43,-9999,-71.57,-9999,27.47,0.766,100.911,-9999,-9999,4.2,139.2
201405170500,-2.725,-3.999,27729.56399,-10.39,-9999,-71.36,-9999,27.5,0.774,100.945,-9999,-9999,4.4,141.1
201405170515,-2.691,-3.998,28075.84961,-10.38,-9999,-71.15,-9999,27.5,0.784,100.936,-9999,-9999,4.8,150.6
201405170530,-2.658,-3.998,27839.75572,-10.35,-9999,-71.14,-9999,27.5,0.778,100.951,-9999,-9999,5.1,150.3
201405170545,-2.624,-3.997,27808.27331,-10.37,-9999,-71.28,-9999,27.5,0.775,100.961,-9999,-9999,5.4,148.8
201405170600,-2.591,-3.998,28044.37289,-10.37,-9999,-71.26,-9999,27.56,0.782,100.99,-9999,-9999,5.5,150.4
201405170615,-2.557,-3.999,28248.95807,-10.32,-9999,-70.94,-9999,27.6,0.785,101.009,-9999,-9999,5.6,151.8
201405170630,-2.524,-4.001,27871.23736,-10.36,-9999,-71.29,-9999,27.6,0.773,101.007,-9999,-9999,5.7,158.1
201405170645,-2.495,-4.007,27524.89759,-10.42,-9999,-71.66,-9999,27.69,0.76,101.006,-9999,-9999,5.9,153.9
201405170700,-2.496,-4.003,27902.71825,-10.34,-9999,-71.1,-9999,27.76,0.767,101.011,-9999,-9999,6.8,158.4
201405170715,-2.497,-4.003,28201.74894,-10.29,-9999,-70.86,-9999,27.91,0.771,101.031,-9999,-9999,6.6,150.1
201405170730,-2.496,-4.002,28500.71131,-10.22,-9999,-70.42,-9999,28.09,0.769,101.058,-9999,-9999,7.1,146.7
201405170745,-2.495,-4.002,28217.48551,-10.3,-9999,-71,-9999,28.47,0.746,101.079,-9999,-9999,7.1,144
201405170800,-2.494,-4,28626.56977,-10.28,-9999,-70.83,-9999,28.59,0.754,101.098,-9999,-9999,6.8,144.1
201405170815,-2.492,-4,28453.51127,-10.33,-9999,-71.25,-9999,28.63,0.746,101.111,-9999,-9999,6.4,144.8
201405170830,-2.487,-4,28437.77754,-10.3,-9999,-71.31,-9999,28.83,0.737,101.136,-9999,-9999,6.3,144.6
201405170845,-2.46,-4.001,29255.68052,-10.19,-9999,-70.62,-9999,29.16,0.744,101.136,-9999,-9999,5.8,151
201405170900,-2.43,-4.001,29208.50771,-10.21,-9999,-70.68,-9999,28.97,0.753,101.143,-9999,-9999,6.5,145.9
201405170915,-2.4,-4.001,28752.41613,-10.34,-9999,-71.3,-9999,28.91,0.744,101.137,-9999,-9999,6.2,145.4
201405170930,-2.37,-4.001,29145.60798,-10.28,-9999,-70.98,-9999,29.09,0.745,101.131,-9999,-9999,6.5,136.9
201405170945,-2.341,-4.001,29397.18875,-10.22,-9999,-70.67,-9999,29.02,0.757,101.13,-9999,-9999,6.6,140.1
201405171000,-2.311,-4.001,29475.79782,-10.23,-9999,-70.89,-9999,28.91,0.762,101.123,-9999,-9999,6.2,137
201405171015,-2.281,-4.001,29318.57496,-10.32,-9999,-71.44,-9999,28.9,0.759,101.119,-9999,-9999,6.9,131.1
201405171030,-2.25,-4,29318.57496,-10.36,-9999,-71.75,-9999,28.92,0.757,101.108,-9999,-9999,6.7,134.2
201405171045,-2.22,-4.001,29334.29809,-10.4,-9999,-72.12,-9999,29.01,0.756,101.106,-9999,-9999,6.4,134.8
201405171100,-2.189,-4.001,29554.40217,-10.36,-9999,-71.91,-9999,29.11,0.756,101.109,-9999,-9999,6.2,138.2
201405171115,-2.158,-4.001,29507.24013,-10.38,-9999,-72.21,-9999,29.3,0.748,101.105,-9999,-9999,6.4,141.5
201405171130,-2.127,-4.001,29680.1593,-10.37,-9999,-72.31,-9999,29.42,0.748,101.09,-9999,-9999,6.9,148
201405171145,-2.095,-4,29758.75136,-10.36,-9999,-72.26,-9999,29.61,0.742,101.077,-9999,-9999,6.3,150.8
201405171200,-2.063,-4,30057.35814,-10.27,-9999,-71.88,-9999,29.76,0.744,101.06,-9999,-9999,6.6,152.7
201405171215,-2.031,-4.001,30041.6437,-10.34,-9999,-72.32,-9999,29.64,0.748,101.05,-9999,-9999,6.6,151.3
201405171230,-2.005,-4.005,29758.75136,-10.61,-9999,-74.59,-9999,29.01,0.766,101.055,-9999,-9999,6.9,146.8
201405171245,-1.997,-4.005,29601.56251,-10.92,-9999,-76.94,-9999,29.31,0.748,101.028,-9999,-9999,6.3,152.3
201405171300,-1.997,-4.004,29522.961,-10.98,-9999,-77.42,-9999,29.43,0.737,101.011,-9999,-9999,6.2,150.3
201405171315,-1.996,-4.003,3166426.693,-9999,-9999,-9999,-9999,29.5,0.736,100.99,-9999,-9999,6.4,152
201405171330,-1.996,-4.002,3166426.693,-9999,-9999,-9999,-9999,29.42,0.746,100.966,-9999,-9999,6.5,153.1
201405171345,-1.996,-4,30575.82896,-10.23,-9999,-72.24,-9999,29.34,0.765,100.939,-9999,-9999,6.7,161.2
201405171400,-1.996,-3.999,30340.18589,-10.44,-9999,-73.64,-9999,28.95,0.781,100.919,-9999,-9999,7.3,158.6
201405171415,-1.995,-3.999,30230.20459,-10.54,-9999,-74.58,-9999,28.95,0.777,100.904,-9999,-9999,7.7,157.8
201405171430,-1.977,-4.001,30575.82896,-10.39,-9999,-73.35,-9999,29.34,0.771,100.919,-9999,-9999,6.2,155.1
201405171445,-1.945,-4.001,30418.7383,-10.54,-9999,-74.58,-9999,29.72,0.754,100.917,-9999,-9999,6.6,155.4
201405171500,-1.913,-4,30183.06692,-10.82,-9999,-76.39,-9999,29.49,0.758,100.91,-9999,-9999,6.9,147.9
201405171515,-1.881,-4,29900.20518,-11.04,-9999,-78.09,-9999,29.98,0.729,100.907,-9999,-9999,7.2,143.3
201405171530,-1.849,-4,29821.62161,-11.13,-9999,-78.97,-9999,30.19,0.72,100.894,-9999,-9999,6.8,137.8
201405171545,-1.816,-4,30167.35398,-10.99,-9999,-78.01,-9999,30.39,0.721,100.871,-9999,-9999,6.7,147.7
201405171600,-1.784,-4.001,30481.57683,-10.95,-9999,-77.87,-9999,30.36,0.729,100.871,-9999,-9999,7.3,146
201405171615,-1.751,-4.002,30167.35398,-11.11,-9999,-79.06,-9999,29.99,0.736,100.881,-9999,-9999,6.7,152.3
201405171630,-1.72,-4.001,30371.60742,-11,-9999,-78.14,-9999,30.38,0.727,100.895,-9999,-9999,5.9,148
201405171645,-1.689,-4.001,30512.99496,-10.91,-9999,-77.59,-9999,30.39,0.729,100.906,-9999,-9999,5.4,148.3
201405171700,-1.658,-4.001,30104.50035,-11.07,-9999,-78.73,-9999,29.62,0.748,100.921,-9999,-9999,6.2,147.9
201405171715,-1.627,-4.001,30512.99496,-10.89,-9999,-77.53,-9999,29.68,0.757,100.931,-9999,-9999,6.9,144.9
201405171730,-1.597,-4.001,30418.7383,-10.98,-9999,-78.28,-9999,29.23,0.773,100.916,-9999,-9999,7.2,142
201405171745,-1.566,-4.001,30654.36721,-10.99,-9999,-78.04,-9999,28.82,0.796,100.907,-9999,-9999,6.7,138.7
201405171800,-1.535,-4.001,30811.42956,-10.87,-9999,-77.45,-9999,28.4,0.818,100.925,-9999,-9999,5.2,138.2
201405171815,-1.506,-4.005,30214.49222,-11.05,-9999,-78.81,-9999,28.35,0.804,100.94,-9999,-9999,7,140.5
201405171830,-1.497,-4.006,30450.15794,-10.94,-9999,-78.16,-9999,28.4,0.808,100.956,-9999,-9999,7.7,149.6
201405171845,-1.497,-4.006,30340.18589,-10.95,-9999,-78.06,-9999,28.34,0.808,100.973,-9999,-9999,8.1,146.2
201405171900,-1.496,-4.005,29821.62161,-11.12,-9999,-79.59,-9999,28.34,0.796,100.987,-9999,-9999,8.4,145.1
201405171915,-1.495,-4.005,30151.64086,-11.01,-9999,-78.63,-9999,28.37,0.803,101.007,-9999,-9999,8.3,142.6
201405171930,-1.494,-4.005,30355.89675,-10.85,-9999,-77.56,-9999,28.34,0.809,101.029,-9999,-9999,8.7,145.2
201405171945,-1.493,-4.005,30088.78647,-10.94,-9999,-78.14,-9999,28.37,0.801,101.056,-9999,-9999,8.8,145.4
201405172000,-1.483,-4.005,30607.24483,-10.69,-9999,-76.38,-9999,28.44,0.812,101.087,-9999,-9999,8.1,142.6
201405172015,-1.452,-4.004,30214.49222,-10.85,-9999,-77.42,-9999,28.24,0.811,101.082,-9999,-9999,7.7,157
201405172030,-1.421,-4.002,30842.83977,-10.6,-9999,-75.57,-9999,28.22,0.828,101.094,-9999,-9999,6.9,157.1
201405172045,-1.391,-4.001,31031.28516,-10.58,-9999,-75.61,-9999,28.3,0.83,101.106,-9999,-9999,8,148.9
201405172100,-1.361,-4,30403.0282,-11.35,-9999,-81.26,-9999,27.7,0.845,101.129,-9999,-9999,6.6,152.8
201405172115,-1.331,-3.999,31282.50342,-10.62,-9999,-75.77,-9999,27.85,0.859,101.13,-9999,-9999,7.4,141.2
201405172130,-1.3,-3.999,30403.0282,-11,-9999,-78.6,-9999,28.22,0.82,101.148,-9999,-9999,8,135.7
201405172145,-1.27,-3.999,30434.44822,-11.04,-9999,-78.91,-9999,28.4,0.81,101.166,-9999,-9999,7,147
201405172200,-1.24,-3.999,30512.99496,-11.05,-9999,-79.06,-9999,28.4,0.811,101.169,-9999,-9999,7,144.3
201405172215,-1.21,-3.999,30670.0743,-10.95,-9999,-78.34,-9999,28.4,0.814,101.158,-9999,-9999,6.8,149.3
201405172230,-1.179,-3.999,30622.95248,-11,-9999,-78.81,-9999,28.4,0.814,101.159,-9999,-9999,7,146
201405172245,-1.15,-3.999,30324.47484,-11.14,-9999,-79.87,-9999,28.4,0.811,101.143,-9999,-9999,6.8,145.9
201405172300,-1.121,-3.999,30654.36721,-10.94,-9999,-78.47,-9999,28.3,0.818,101.13,-9999,-9999,6.5,148.7
201405172315,-1.093,-3.999,30607.24483,-10.98,-9999,-78.56,-9999,28.3,0.818,101.131,-9999,-9999,6.6,144.4
201405172330,-1.064,-3.999,30591.53699,-10.99,-9999,-78.64,-9999,28.3,0.817,101.122,-9999,-9999,6.4,141.8
201405172345,-1.033,-4,30560.12074,-10.98,-9999,-78.48,-9999,28.3,0.818,101.123,-9999,-9999,5.6,140.5
201405180000,-1.006,-4.001,30418.7383,-11,-9999,-78.67,-9999,28.26,0.816,101.116,-9999,-9999,6.1,142.3
201405180015,-1.002,-3.999,30308.76361,-11.02,-9999,-78.85,-9999,28.2,0.814,101.103,-9999,-9999,6.7,141.7
201405180030,-0.999,-3.997,30198.77966,-11.02,-9999,-78.77,-9999,28.2,0.811,101.076,-9999,-9999,7.4,140.2
201405180045,-0.997,-3.996,29978.78402,-11.06,-9999,-79.03,-9999,28.2,0.807,101.062,-9999,-9999,7.4,139.1
201405180100,-0.996,-3.995,30355.89675,-10.89,-9999,-77.83,-9999,28.19,0.817,101.049,-9999,-9999,7.5,140
201405180115,-0.995,-3.993,30245.91677,-10.96,-9999,-78.41,-9999,28.14,0.815,101.039,-9999,-9999,7.4,139.5
201405180130,-0.994,-3.992,30073.0724,-11.04,-9999,-79.01,-9999,28.1,0.811,101.017,-9999,-9999,8,141.9
201405180145,-0.99,-3.991,30135.92754,-11,-9999,-78.76,-9999,28.1,0.813,101.002,-9999,-9999,7.7,141.9
201405180200,-0.966,-3.996,30371.60742,-10.89,-9999,-78.11,-9999,28.14,0.818,101.001,-9999,-9999,6.8,146.1
201405180215,-0.935,-4,30497.28599,-10.86,-9999,-77.87,-9999,28.14,0.82,100.996,-9999,-9999,6.8,145.1
201405180230,-0.904,-4.001,30701.4879,-10.8,-9999,-77.37,-9999,28.17,0.824,101.008,-9999,-9999,6.6,134.9
201405180245,-0.873,-4,30717.19442,-10.79,-9999,-77.34,-9999,28.11,0.826,101.005,-9999,-9999,6.5,134.7
201405180300,-0.842,-4,30622.95248,-10.82,-9999,-77.65,-9999,28.1,0.826,100.994,-9999,-9999,6.8,137.8
201405180315,-0.81,-4,30607.24483,-10.85,-9999,-77.73,-9999,28.1,0.826,100.986,-9999,-9999,6.6,139.8
201405180330,-0.779,-4.001,30811.42956,-10.76,-9999,-77.17,-9999,28.1,0.832,100.977,-9999,-9999,6.5,140.3
201405180345,-0.747,-4.001,30732.90075,-10.83,-9999,-77.6,-9999,28.1,0.828,100.955,-9999,-9999,6.6,148.5
201405180400,-0.715,-4.002,30481.57683,-10.97,-9999,-78.76,-9999,28.1,0.822,100.951,-9999,-9999,6.9,145.6
201405180415,-0.684,-4.002,30874.24922,-10.79,-9999,-77.61,-9999,28.1,0.831,100.949,-9999,-9999,6.9,147.6
201405180430,-0.652,-4.003,30795.72418,-10.85,-9999,-78.07,-9999,28.1,0.831,100.951,-9999,-9999,7,150.3
201405180445,-0.621,-4.003,30418.7383,-11.04,-9999,-79.35,-9999,28.09,0.823,100.976,-9999,-9999,6.9,150.2
201405180500,-0.593,-4.002,30465.86748,-11.01,-9999,-79.17,-9999,28.1,0.823,100.988,-9999,-9999,6.5,152.6
201405180515,-0.567,-4.002,30748.60689,-10.91,-9999,-78.39,-9999,28.1,0.83,100.996,-9999,-9999,6.7,138.6
201405180530,-0.545,-4.002,31094.09425,-10.8,-9999,-77.68,-9999,28.13,0.838,101.018,-9999,-9999,7.1,136.6
201405180545,-0.522,-4.003,30748.60689,-10.95,-9999,-78.87,-9999,28.1,0.832,101.02,-9999,-9999,6.7,145.4
201405180600,-0.501,-4.004,30622.95248,-11.02,-9999,-79.48,-9999,28.07,0.832,101.03,-9999,-9999,7.5,140.5
201405180615,-0.497,-4.001,30041.6437,-11.35,-9999,-81.8,-9999,27.94,0.819,101.041,-9999,-9999,8,145.8
201405180630,-0.496,-4.001,30167.35398,-11.34,-9999,-81.7,-9999,28.02,0.818,101.047,-9999,-9999,7.7,144.5
201405180645,-0.494,-4.001,30418.7383,-11.27,-9999,-81.14,-9999,28.09,0.822,101.059,-9999,-9999,7.6,140.3
201405180700,-0.493,-3.999,30198.77966,-11.45,-9999,-82.35,-9999,28.12,0.814,101.066,-9999,-9999,8.1,137.8
201405180715,-0.492,-3.998,30308.76361,-11.4,-9999,-82.05,-9999,28.28,0.811,101.071,-9999,-9999,8.1,138.6
201405180730,-0.491,-3.997,30198.77966,-11.4,-9999,-82.09,-9999,28.38,0.804,101.075,-9999,-9999,8.4,135.2
201405180745,-0.49,-3.996,30151.64086,-11.42,-9999,-82.08,-9999,28.63,0.791,101.081,-9999,-9999,8.4,133.2
201405180800,-0.488,-3.994,30183.06692,-11.36,-9999,-81.83,-9999,28.73,0.792,101.092,-9999,-9999,7.8,130.7
201405180815,-0.466,-3.997,3166426.693,-9999,-9999,-9999,-9999,28.88,0.813,101.119,-9999,-9999,7.5,129.3
201405180830,-0.434,-4.002,3166426.693,-9999,-9999,-9999,-9999,28.9,0.807,101.121,-9999,-9999,7.5,131.8
201405180845,-0.4,-4.004,3166426.693,-9999,-9999,-9999,-9999,28.9,0.78,101.126,-9999,-9999,8,133
201405180900,-0.366,-4.003,30057.35814,-11.77,-9999,-84.72,-9999,28.91,0.778,101.139,-9999,-9999,8.1,132.7
201405180915,-0.336,-4.003,30355.89675,-11.66,-9999,-83.68,-9999,28.93,0.785,101.14,-9999,-9999,7.7,129
201405180930,-0.308,-4.003,30638.65994,-11.59,-9999,-83.14,-9999,28.9,0.793,101.146,-9999,-9999,7.9,127.4
201405180945,-0.279,-4.002,30638.65994,-11.53,-9999,-82.84,-9999,28.87,0.797,101.164,-9999,-9999,7,130.5
201405181000,-0.251,-4,30607.24483,-11.56,-9999,-83.06,-9999,28.9,0.794,101.158,-9999,-9999,7.5,130.5
201405181015,-0.222,-4.001,30780.0186,-11.34,-9999,-81.68,-9999,28.9,0.8,101.152,-9999,-9999,7.4,134.3
201405181030,-0.193,-4.002,30450.15794,-11.36,-9999,-81.63,-9999,28.94,0.788,101.155,-9999,-9999,7.3,133
201405181045,-0.166,-4.003,30984.17636,-11.11,-9999,-79.83,-9999,29.03,0.797,101.15,-9999,-9999,6.9,129.2
201405181100,-0.139,-4.004,30952.76955,-11.1,-9999,-79.83,-9999,29.14,0.792,101.146,-9999,-9999,7.1,132.2
201405181115,-0.112,-4.003,31031.28516,-11.01,-9999,-79.21,-9999,29.34,0.787,101.141,-9999,-9999,6.6,138.3
201405181130,-0.086,-4.003,31266.8037,-10.87,-9999,-78.17,-9999,29.33,0.793,101.137,-9999,-9999,6.3,131.9
201405181145,-0.058,-4.001,31062.69008,-10.85,-9999,-78.23,-9999,29.51,0.779,101.127,-9999,-9999,6,131.9
201405181200,-0.029,-4.001,30874.24922,-10.9,-9999,-78.68,-9999,29.58,0.772,101.107,-9999,-9999,6.5,140
201405181215,-0.004,-4.004,30418.7383,-11.14,-9999,-80.1,-9999,29.23,0.773,101.09,-9999,-9999,7.2,141
201405181230,0,-4.002,30324.47484,-11.22,-9999,-80.46,-9999,28.95,0.781,101.083,-9999,-9999,7.9,141
201405181245,0.001,-4.001,30057.35814,-11.14,-9999,-79.83,-9999,29.13,0.768,101.073,-9999,-9999,8.1,134.8
201405181300,0.002,-4.001,30041.6437,-11.07,-9999,-79.22,-9999,29.24,0.762,101.052,-9999,-9999,7.8,135.1
201405181315,0.003,-4,30308.76361,-10.97,-9999,-78.61,-9999,29.38,0.763,101.047,-9999,-9999,7.4,133.4
201405181330,0.004,-4,30434.44822,-10.93,-9999,-78.26,-9999,29.4,0.765,101.047,-9999,-9999,7.2,134.7
201405181345,0.005,-3.999,30622.95248,-10.89,-9999,-77.91,-9999,29.4,0.77,101.039,-9999,-9999,6.8,137.7
201405181400,0.009,-4,30544.41234,-10.86,-9999,-77.47,-9999,29.32,0.773,101.044,-9999,-9999,7,131.4
201405181415,0.034,-4,30371.60742,-10.88,-9999,-77.46,-9999,29.93,0.744,101.041,-9999,-9999,6,131.6
201405181430,0.065,-4,30622.95248,-10.75,-9999,-76.74,-9999,30.1,0.742,101.025,-9999,-9999,5.5,130.2
201405181445,0.095,-3.999,30512.99496,-10.78,-9999,-76.93,-9999,30.02,0.745,101.006,-9999,-9999,5,126
201405181500,0.126,-3.999,30560.12074,-10.79,-9999,-76.97,-9999,30,0.747,100.98,-9999,-9999,5.5,130.8
201405181515,0.157,-3.999,30560.12074,-10.79,-9999,-77,-9999,30.06,0.746,100.977,-9999,-9999,4.8,127.2
201405181530,0.186,-3.999,30591.53699,-10.77,-9999,-76.86,-9999,29.92,0.75,100.973,-9999,-9999,3.8,131.4
201405181545,0.216,-4,30324.47484,-10.88,-9999,-77.52,-9999,30.04,0.738,100.972,-9999,-9999,4.8,126.6
201405181600,0.246,-4,30544.41234,-10.8,-9999,-77.02,-9999,30.16,0.74,100.935,-9999,-9999,4.9,127.2
201405181615,0.276,-4.001,30403.0282,-10.89,-9999,-77.52,-9999,30.1,0.737,100.944,-9999,-9999,4.7,130.2
201405181630,0.305,-4.001,30622.95248,-10.82,-9999,-77.05,-9999,30.23,0.738,100.944,-9999,-9999,5.4,126.7
201405181645,0.334,-4.001,30622.95248,-10.83,-9999,-77.4,-9999,30.14,0.74,100.926,-9999,-9999,5.4,132
201405181700,0.364,-4.001,30842.83977,-10.81,-9999,-77.06,-9999,30.07,0.75,100.92,-9999,-9999,5.3,132.2
201405181715,0.394,-4,30701.4879,-10.86,-9999,-77.63,-9999,29.79,0.757,100.919,-9999,-9999,5.3,128.1
201405181730,0.424,-4,30984.17636,-10.77,-9999,-77.02,-9999,29.66,0.772,100.918,-9999,-9999,4.5,128.9
201405181745,0.454,-4,30795.72418,-10.83,-9999,-77.41,-9999,29.26,0.784,100.926,-9999,-9999,5.7,125.9
201405181800,0.485,-4.001,30952.76955,-10.72,-9999,-76.6,-9999,28.99,0.797,100.935,-9999,-9999,6.6,126.8
201405181815,0.502,-4.003,30622.95248,-10.88,-9999,-77.77,-9999,28.74,0.801,100.935,-9999,-9999,7.7,128.4
201405181830,0.502,-4.002,30638.65994,-10.82,-9999,-77.4,-9999,28.54,0.808,100.947,-9999,-9999,7.7,128.4
201405181845,0.502,-4.001,31156.90032,-10.62,-9999,-76.03,-9999,28.49,0.823,100.965,-9999,-9999,7.5,127.4
201405181900,0.503,-4,30889.95366,-10.68,-9999,-76.55,-9999,28.44,0.818,100.964,-9999,-9999,7.8,133.7
201405181915,0.504,-3.999,30937.06586,-10.6,-9999,-76.12,-9999,28.41,0.82,100.977,-9999,-9999,7.5,131.3
201405181930,0.504,-3.999,31423.79248,-10.41,-9999,-74.86,-9999,28.4,0.833,100.98,-9999,-9999,7.1,129.5
201405181945,0.507,-3.998,31659.24031,-10.32,-9999,-74.23,-9999,28.42,0.839,101.002,-9999,-9999,6.7,124.2
201405182000,0.532,-3.999,31251.10378,-10.51,-9999,-75.32,-9999,28.56,0.824,101.013,-9999,-9999,6.2,124.7
201405182015,0.563,-4,31298.20296,-10.51,-9999,-75.52,-9999,28.62,0.823,101.024,-9999,-9999,5.2,116
201405182030,0.594,-4,31266.8037,-10.55,-9999,-75.67,-9999,28.61,0.821,101.046,-9999,-9999,5.2,125.6
201405182045,0.626,-4.001,31423.79248,-10.55,-9999,-75.42,-9999,28.68,0.823,101.068,-9999,-9999,5.9,125.2
201405182100,0.658,-4.001,31031.28516,-10.63,-9999,-76.31,-9999,28.6,0.816,101.088,-9999,-9999,5.4,117.9
201405182115,0.689,-4,30591.53699,-10.82,-9999,-77.38,-9999,28.67,0.801,101.098,-9999,-9999,4.6,123.2
201405182130,0.72,-4,31109.79605,-10.63,-9999,-76.17,-9999,28.7,0.814,101.112,-9999,-9999,4.4,124.4
201405182145,0.751,-3.999,31188.30223,-10.59,-9999,-75.92,-9999,28.7,0.817,101.122,-9999,-9999,4.3,128.6
201405182200,0.783,-3.997,31345.30045,-10.54,-9999,-75.47,-9999,28.7,0.821,101.123,-9999,-9999,4.7,131.3
201405182215,0.813,-3.998,31690.63015,-10.41,-9999,-74.57,-9999,28.7,0.829,101.128,-9999,-9999,5.1,130.9
201405182230,0.842,-3.998,31408.09445,-10.54,-9999,-75.59,-9999,28.72,0.82,101.119,-9999,-9999,6.5,128.1
201405182245,0.872,-3.999,31078.39226,-10.73,-9999,-76.82,-9999,28.73,0.812,101.103,-9999,-9999,5.6,126.8
201405182300,0.902,-3.999,30811.42956,-10.8,-9999,-77.3,-9999,28.69,0.806,101.106,-9999,-9999,4.8,125.4
201405182315,0.932,-3.999,30764.31284,-10.82,-9999,-77.39,-9999,28.65,0.807,101.091,-9999,-9999,5.1,130.7
201405182330,0.963,-3.999,30842.83977,-10.84,-9999,-77.34,-9999,28.6,0.809,101.09,-9999,-9999,4.8,126.3
201405182345,0.993,-4,30638.65994,-10.92,-9999,-77.91,-9999,28.6,0.807,101.08,-9999,-9999,5.7,131.4
201405190000,1.001,-3.998,30795.72418,-10.82,-9999,-77.42,-9999,28.51,0.815,101.076,-9999,-9999,6.2,135.4
201405190015,1,-3.998,30858.54459,-10.79,-9999,-77.19,-9999,28.49,0.816,101.071,-9999,-9999,6.5,132.1
201405190030,1.001,-3.997,30732.90075,-10.83,-9999,-77.48,-9999,28.48,0.814,101.068,-9999,-9999,6.6,128.7
201405190045,1.003,-3.996,30575.82896,-10.98,-9999,-78.53,-9999,28.46,0.809,101.057,-9999,-9999,7.1,132.3
201405190100,1.005,-3.995,30340.18589,-11.17,-9999,-79.8,-9999,28.43,0.803,101.04,-9999,-9999,7.3,134.3
201405190115,1.007,-3.994,30371.60742,-11.18,-9999,-79.9,-9999,28.47,0.804,101.03,-9999,-9999,7,138.7
201405190130,1.008,-3.992,30481.57683,-11.15,-9999,-79.63,-9999,28.41,0.81,101.025,-9999,-9999,6.3,141.5
201405190145,1.026,-3.997,30638.65994,-11.09,-9999,-79.16,-9999,28.43,0.811,101.015,-9999,-9999,5.6,136.9
201405190200,1.053,-4.001,30827.13476,-11.04,-9999,-78.6,-9999,28.47,0.816,101.012,-9999,-9999,5.3,142.7
201405190215,1.084,-4,30764.31284,-11.07,-9999,-78.84,-9999,28.42,0.814,101.01,-9999,-9999,4.9,140.9
201405190230,1.116,-3.999,30560.12074,-11.16,-9999,-79.35,-9999,28.42,0.809,101.012,-9999,-9999,4.9,142.3
201405190245,1.148,-3.998,30371.60742,-11.23,-9999,-79.88,-9999,28.45,0.805,101.009,-9999,-9999,4.9,144.3
201405190300,1.179,-3.997,30340.18589,-11.24,-9999,-80.03,-9999,28.45,0.803,101.01,-9999,-9999,4.6,145.6
201405190315,1.211,-3.998,30418.7383,-11.23,-9999,-79.77,-9999,28.44,0.804,101.016,-9999,-9999,5,139
201405190330,1.242,-3.999,30497.28599,-11.2,-9999,-79.68,-9999,28.44,0.806,101.011,-9999,-9999,4.6,144.7
201405190345,1.274,-4,30732.90075,-11.11,-9999,-79.03,-9999,28.45,0.812,101,-9999,-9999,5.1,138.3
201405190400,1.305,-4,30858.54459,-11.09,-9999,-78.84,-9999,28.47,0.816,101.003,-9999,-9999,5.7,138.1
201405190415,1.335,-4.001,31188.30223,-11,-9999,-78.14,-9999,28.49,0.824,101.009,-9999,-9999,5.3,138.8
201405190430,1.364,-4.001,30905.65792,-11.08,-9999,-78.75,-9999,28.42,0.82,101.016,-9999,-9999,5.4,140
201405190445,1.393,-4.002,31392.39623,-10.89,-9999,-77.59,-9999,28.49,0.829,101.022,-9999,-9999,5.9,136.6
201405190500,1.423,-4.002,30858.54459,-11.09,-9999,-78.86,-9999,28.39,0.821,101.044,-9999,-9999,6.3,135.1
201405190515,1.452,-4.002,29680.1593,-11.56,-9999,-81.83,-9999,28.32,0.793,101.063,-9999,-9999,4.2,136.1
201405190530,1.481,-4.001,30308.76361,-11.3,-9999,-80.06,-9999,28.4,0.803,101.074,-9999,-9999,4.8,139.5
201405190545,1.502,-4.001,30622.95248,-11.16,-9999,-79.13,-9999,28.34,0.817,101.09,-9999,-9999,4.9,132.8
201405190600,1.502,-3.999,30575.82896,-11.14,-9999,-79.29,-9999,28.26,0.822,101.093,-9999,-9999,5,130.1
201405190615,1.502,-3.999,30842.83977,-11.04,-9999,-78.54,-9999,28.3,0.825,101.106,-9999,-9999,5.1,126.1
201405190630,1.503,-3.999,31015.58241,-11.03,-9999,-78.3,-9999,28.38,0.823,101.12,-9999,-9999,4.7,125.2
201405190645,1.503,-3.999,3166426.693,-9999,-9999,-9999,-9999,28.63,0.795,101.147,-9999,-9999,4.9,127.3
201405190700,1.503,-3.999,3166426.693,-9999,-9999,-9999,-9999,28.82,0.777,101.171,-9999,-9999,4.7,133.1
201405190715,1.503,-3.999,29475.79782,-11.39,-9999,-81.67,-9999,29.12,0.757,101.192,-9999,-9999,4.5,128.9
201405190730,1.521,-3.999,30104.50035,-11.23,-9999,-80.12,-9999,29.17,0.77,101.21,-9999,-9999,3.6,121.2
201405190745,1.554,-3.999,30151.64086,-11.23,-9999,-80.05,-9999,29.03,0.774,101.226,-9999,-9999,3.7,112.4
201405190800,1.59,-4,30324.47484,-11.25,-9999,-79.92,-9999,29.09,0.776,101.236,-9999,-9999,4.1,105.8
201405190815,1.626,-4,30418.7383,-11.23,-9999,-79.75,-9999,29.18,0.776,101.244,-9999,-9999,3.6,104.9
201405190830,1.662,-4.001,30261.62876,-11.31,-9999,-80.41,-9999,29.5,0.761,101.248,-9999,-9999,3.2,121.8
201405190845,1.698,-4,30497.28599,-11.53,-9999,-80.82,-9999,28.46,0.813,101.254,-9999,-9999,2.8,107.7
201405190900,1.733,-4,30073.0724,-11.73,-9999,-82.08,-9999,27.93,0.823,101.264,-9999,-9999,1.4,284.8
201405190915,1.764,-3.999,29853.05561,-11.79,-9999,-82.34,-9999,28.29,0.8,101.27,-9999,-9999,1.1,89.6
201405190930,1.795,-3.999,28610.83813,-12.23,-9999,-84.77,-9999,28.79,0.749,101.27,-9999,-9999,1.5,60.6
201405190945,1.835,-3.999,29145.60798,-12.1,-9999,-84.58,-9999,29.01,0.751,101.272,-9999,-9999,1.2,81
201405191000,1.882,-3.999,30230.20459,-11.7,-9999,-81.82,-9999,29.27,0.769,101.279,-9999,-9999,1.8,83
201405191015,1.931,-4,30371.60742,-11.59,-9999,-81.32,-9999,-9999,0.747,#VALUE!,-9999,-9999,1.9,72
201405191030,1.979,-4,30324.47484,-11.61,-9999,-81.48,-9999,29.34,0.77,101.282,-9999,-9999,1.5,67.7
201405191045,2.018,-4,30450.15794,-11.61,-9999,-81.17,-9999,29.36,0.77,101.293,-9999,-9999,1.5,71.6
201405191100,2.054,-4.001,30842.83977,-11.57,-9999,-80.62,-9999,29.14,0.79,101.297,-9999,-9999,2.5,29.3
201405191115,2.096,-4.001,30560.12074,-11.72,-9999,-81.72,-9999,28.9,0.795,101.288,-9999,-9999,1.6,86.8
201405191130,2.143,-4,30512.99496,-11.77,-9999,-82.32,-9999,29.08,0.783,101.262,-9999,-9999,2,43.9
201405191145,2.189,-3.999,30465.86748,-11.77,-9999,-82.38,-9999,29.25,0.776,101.241,-9999,-9999,2.6,62
201405191200,2.233,-3.999,29318.57496,-12.16,-9999,-84.85,-9999,29.41,0.741,101.237,-9999,-9999,3.3,64.1
201405191215,2.273,-4.001,30230.20459,-11.85,-9999,-82.95,-9999,29.6,0.753,101.238,-9999,-9999,3.2,51.2
201405191230,2.309,-4.001,30670.0743,-11.71,-9999,-81.79,-9999,29.64,0.762,101.23,-9999,-9999,3.5,60.2
201405191245,2.344,-4.001,30245.91677,-11.85,-9999,-83.08,-9999,29.75,0.748,101.212,-9999,-9999,4.1,57.9
201405191300,2.377,-4.001,29711.59669,-12.11,-9999,-85.02,-9999,29.8,0.732,101.184,-9999,-9999,4.3,46.6
201405191315,2.411,-4,29460.07639,-12.31,-9999,-86.35,-9999,29.91,0.722,101.157,-9999,-9999,4.1,37.6
201405191330,2.445,-4,29129.88257,-12.47,-9999,-87.57,-9999,30.04,0.709,101.137,-9999,-9999,3.5,40
201405191345,2.479,-3.999,29129.88257,-12.57,-9999,-87.96,-9999,30.08,0.709,101.113,-9999,-9999,3.6,38
201405191400,2.512,-3.999,29239.95644,-12.54,-9999,-87.71,-9999,30.06,0.712,101.1,-9999,-9999,3.6,42.1
201405191415,2.545,-3.999,29412.91094,-12.55,-9999,-87.82,-9999,29.94,0.721,101.106,-9999,-9999,3.9,44.2
201405191430,2.578,-3.999,29915.92133,-12.42,-9999,-86.95,-9999,29.82,0.738,101.102,-9999,-9999,3.7,44.7
201405191445,2.611,-4,29837.3387,-12.49,-9999,-87.43,-9999,29.74,0.739,101.095,-9999,-9999,3.5,47.3
201405191500,2.643,-4,29743.03333,-12.6,-9999,-87.99,-9999,29.79,0.734,101.078,-9999,-9999,3,43.4
201405191515,2.676,-4,29585.84258,-12.67,-9999,-88.5,-9999,29.91,0.724,101.053,-9999,-9999,2.7,50.5
201405191530,2.709,-4,29224.23217,-12.77,-9999,-89.33,-9999,29.99,0.714,101.03,-9999,-9999,2.6,50.1
201405191545,2.744,-3.999,29114.15698,-12.86,-9999,-89.89,-9999,30.15,0.704,100.998,-9999,-9999,2.3,37.9
201405191600,2.778,-3.999,28941.16296,-12.99,-9999,-90.81,-9999,30.16,0.701,100.997,-9999,-9999,2.3,46.1
201405191615,2.813,-3.999,28909.70705,-13.02,-9999,-91.11,-9999,30.04,0.703,100.977,-9999,-9999,3,49.2
201405191630,2.847,-3.999,28988.34542,-13.04,-9999,-90.98,-9999,30.01,0.705,100.983,-9999,-9999,2.6,52.7
201405191645,2.879,-3.999,28941.16296,-13.07,-9999,-91.09,-9999,30.09,0.701,100.987,-9999,-9999,2.4,70.4
201405191700,2.909,-4,28893.97881,-13.05,-9999,-91.06,-9999,30.12,0.699,100.987,-9999,-9999,1.8,79.6
201405191715,2.94,-4,29208.50771,-12.94,-9999,-90.09,-9999,29.97,0.711,100.98,-9999,-9999,1.4,100.7
201405191730,2.97,-4,29239.95644,-13,-9999,-90.08,-9999,30.01,0.711,100.978,-9999,-9999,1.2,86.6
201405191745,3.001,-4.001,29019.79944,-13.11,-9999,-90.67,-9999,29.99,0.709,100.973,-9999,-9999,0.8,120.9
201405191800,3.032,-4.001,28956.89064,-13.21,-9999,-91.37,-9999,29.75,0.717,100.979,-9999,-9999,1,46.5
201405191815,3.063,-4,28846.79295,-13.35,-9999,-92.21,-9999,29.24,0.734,100.972,-9999,-9999,1.1,67.5
201405191830,3.093,-4,29019.79944,-13.29,-9999,-91.78,-9999,28.99,0.747,100.997,-9999,-9999,1.3,76.4
201405191845,3.124,-4,29129.88257,-13.24,-9999,-91.27,-9999,28.9,0.752,101.024,-9999,-9999,1.7,107.6
201405191900,3.155,-4,29381.46637,-13.14,-9999,-90.48,-9999,28.9,0.759,101.038,-9999,-9999,2.1,129.2
201405191915,3.185,-4,29161.33319,-13.2,-9999,-91.07,-9999,28.9,0.752,101.07,-9999,-9999,2.6,138.6
201405191930,3.216,-4,29019.79944,-13.29,-9999,-91.57,-9999,28.9,0.75,101.078,-9999,-9999,2.3,150.4
201405191945,3.247,-4,29082.70522,-13.28,-9999,-91.52,-9999,28.9,0.752,101.097,-9999,-9999,2.5,157
201405192000,3.278,-4,29161.33319,-13.24,-9999,-91.12,-9999,28.9,0.756,101.102,-9999,-9999,1.8,178.1
201405192015,3.313,-3.999,28956.89064,-13.32,-9999,-92.06,-9999,28.85,0.753,101.12,-9999,-9999,1.4,172.3
201405192030,3.352,-3.999,29239.95644,-13.25,-9999,-91.53,-9999,28.87,0.761,101.127,-9999,-9999,2,188
201405192045,3.391,-3.999,29224.23217,-13.21,-9999,-91.49,-9999,28.81,0.761,101.122,-9999,-9999,2,185
201405192100,3.431,-3.999,29444.35476,-13.13,-9999,-90.98,-9999,28.84,0.765,101.157,-9999,-9999,2,169
201405192115,3.47,-3.999,29475.79782,-13.12,-9999,-91.07,-9999,28.8,0.767,101.187,-9999,-9999,2.2,167.8
201405192130,3.51,-3.999,29585.84258,-13.07,-9999,-90.64,-9999,28.81,0.77,101.213,-9999,-9999,1.9,168.6
201405192145,3.549,-3.999,29837.3387,-13.01,-9999,-90.03,-9999,28.84,0.775,101.218,-9999,-9999,1.9,174.6
201405192200,3.588,-3.999,29727.3151,-13.02,-9999,-90.24,-9999,28.8,0.774,101.213,-9999,-9999,1.8,162.7
201405192215,3.626,-3.998,29805.90433,-12.96,-9999,-89.92,-9999,28.8,0.778,101.227,-9999,-9999,1.7,146.5
201405192230,3.665,-3.998,29868.77232,-12.91,-9999,-89.57,-9999,28.79,0.78,101.23,-9999,-9999,1.6,170.3
201405192245,3.703,-3.999,29758.75136,-12.93,-9999,-89.82,-9999,28.73,0.778,101.206,-9999,-9999,2.1,171.2
201405192300,3.741,-3.999,30025.92906,-12.84,-9999,-88.99,-9999,28.8,0.783,101.235,-9999,-9999,1.6,142
201405192315,3.779,-4,30104.50035,-12.82,-9999,-88.76,-9999,28.8,0.784,101.226,-9999,-9999,1.7,145.4
201405192330,3.817,-4,30340.18589,-12.67,-9999,-87.78,-9999,28.8,0.791,101.203,-9999,-9999,1.8,138.2
201405192345,3.855,-4,30465.86748,-12.61,-9999,-87.37,-9999,28.78,0.794,101.2,-9999,-9999,1.9,136.3
201405200000,3.893,-3.999,30355.89675,-12.68,-9999,-87.88,-9999,28.72,0.793,101.198,-9999,-9999,1.8,142.2
201405200015,3.93,-3.999,30434.44822,-12.68,-9999,-87.82,-9999,28.74,0.796,101.198,-9999,-9999,2,126.6
201405200030,3.967,-3.999,30434.44822,-12.67,-9999,-87.88,-9999,28.75,0.797,101.204,-9999,-9999,1.9,115.3
201405200045,4.004,-3.999,30622.95248,-12.59,-9999,-87.27,-9999,28.7,0.8,101.201,-9999,-9999,1.6,115.4
201405200100,4.041,-3.999,30717.19442,-12.53,-9999,-86.77,-9999,28.72,0.802,101.202,-9999,-9999,1.9,102.5
201405200115,4.078,-4,30842.83977,-12.46,-9999,-86.39,-9999,28.75,0.807,101.176,-9999,-9999,1.4,121.8
201405200130,4.115,-4.001,31031.28516,-12.44,-9999,-86.08,-9999,28.68,0.815,101.142,-9999,-9999,1.4,120.8
201405200145,4.152,-4.002,30921.36198,-12.51,-9999,-86.53,-9999,28.6,0.813,101.12,-9999,-9999,2,125.5
201405200200,4.19,-4,30717.19442,-12.6,-9999,-87.22,-9999,28.6,0.809,101.133,-9999,-9999,1.8,101.9
201405200215,4.227,-3.999,30497.28599,-12.68,-9999,-87.82,-9999,28.63,0.799,101.154,-9999,-9999,2.2,61
201405200230,4.264,-3.999,30607.24483,-12.4,-9999,-86.01,-9999,28.31,0.819,101.147,-9999,-9999,7.5,31.3
201405200245,4.3,-4.001,30308.76361,-12.27,-9999,-84.98,-9999,26.98,0.873,101.119,-9999,-9999,11.8,32.4
201405200300,4.336,-4.002,28925.4351,-13.15,-9999,-89.75,-9999,26.3,0.865,101.146,-9999,-9999,17.6,45.4
201405200315,4.371,-4.003,27682.33612,-14.28,-9999,-98.95,-9999,24.22,0.927,101.132,-9999,-9999,15,50.9
201405200330,4.407,-4.003,27650.84993,-14.47,-9999,-101.77,-9999,24.02,0.938,101.13,-9999,-9999,11,62
201405200345,4.443,-4.001,27272.95655,-14.1,-9999,-99.34,-9999,24.02,0.924,101.099,-9999,-9999,7.8,65.3
201405200400,4.48,-4,26957.96205,-13.93,-9999,-98.41,-9999,24.33,0.9,101.02,-9999,-9999,8,65.4
201405200415,4.518,-3.999,26721.66642,-13.94,-9999,-98.57,-9999,24.65,0.879,100.988,-9999,-9999,6.9,53.1
201405200430,4.554,-3.999,26957.96205,-13.79,-9999,-97.66,-9999,24.77,0.88,100.959,-9999,-9999,5.7,50.1
201405200445,4.592,-3.999,27650.84993,-13.34,-9999,-95.1,-9999,24.88,0.897,100.942,-9999,-9999,4.5,37.1
201405200500,4.63,-4,28044.37289,-12.92,-9999,-91.92,-9999,25.19,0.894,100.943,-9999,-9999,4.1,36.3
201405200515,4.669,-4,28406.30952,-12.78,-9999,-88.86,-9999,25.76,0.875,100.972,-9999,-9999,5.4,46.2
201405200530,4.709,-4,28642.30123,-12.55,-9999,-87.63,-9999,26.27,0.856,100.996,-9999,-9999,5.4,39.7
201405200545,4.748,-3.999,28201.74894,-12.37,-9999,-87.99,-9999,26.26,0.844,101.024,-9999,-9999,6.4,40.5
201405200600,4.786,-3.999,28296.16549,-12.45,-9999,-88.73,-9999,26.3,0.846,101.057,-9999,-9999,8.4,48.5
201405200615,4.823,-3.999,28028.63424,-12.66,-9999,-90.09,-9999,26.39,0.833,101.091,-9999,-9999,9.1,53.2
201405200630,4.859,-3.999,27698.07894,-12.81,-9999,-91.37,-9999,26.35,0.827,101.117,-9999,-9999,7.1,53.1
201405200645,4.895,-3.999,27257.20863,-13.06,-9999,-93.4,-9999,26.3,0.814,101.117,-9999,-9999,5.1,56.4
201405200700,4.932,-3.998,27036.71778,-13.14,-9999,-94.14,-9999,26.31,0.81,101.126,-9999,-9999,4,57.6
201405200715,4.969,-3.999,26989.46491,-13.1,-9999,-93.97,-9999,26.31,0.808,101.175,-9999,-9999,4.6,50.6
201405200730,5.007,-4,26926.45843,-13.08,-9999,-94.12,-9999,26.26,0.808,101.207,-9999,-9999,3.6,52.1
201405200745,5.043,-4,26973.71357,-13.06,-9999,-94.21,-9999,26.13,0.814,101.228,-9999,-9999,4.9,42.9
201405200800,5.068,-3.999,27052.46836,-13.1,-9999,-94.57,-9999,26.14,0.816,101.243,-9999,-9999,4,49.2
201405200815,5.086,-3.998,26926.45843,-13.24,-9999,-95.28,-9999,26.59,0.793,101.233,-9999,-9999,2.6,66.3
201405200830,5.103,-3.996,26989.46491,-13.19,-9999,-94.87,-9999,27.09,0.772,101.232,-9999,-9999,1.8,77
201405200845,5.126,-3.992,26973.71357,-13.17,-9999,-94.91,-9999,27.2,0.768,101.252,-9999,-9999,2.2,81.8
201405200900,5.164,-3.983,26989.46491,-13.19,-9999,-95.34,-9999,26.81,0.785,101.245,-9999,-9999,2.6,83.6
201405200915,5.202,-3.975,26942.21033,-13.24,-9999,-95.85,-9999,27.06,0.771,101.244,-9999,-9999,2.3,110.9